{
    "TotalRotation": [
        {
            "type_id": "opencv-matrix",
            "rows": 4,
            "cols": 4,
            "dt": "f",
            "data": [ 0.999997556, -0.000333847333, -0.00217262376,
                -0.00135610183, 0.000319032406, 0.999976695,
                -0.00681567751, -0.000142472083, 0.00217484869,
                0.00681496831, 0.99997443, -0.0012819682, 0.0, 0.0, 0.0,
                1.0 ]
        },
        {
            "type_id": "opencv-matrix",
            "rows": 4,
            "cols": 4,
            "dt": "f",
            "data": [ 0.999996483, 0.00121859438, -0.00235076086,
                -0.000698134711, -0.00124707946, 0.999925375,
                -0.0121542001, -0.00120011461, 0.00233577448,
                0.0121570891, 0.999923348, -0.000383837149, 0.0, 0.0,
                0.0, 1.0 ]
        },
        {
            "type_id": "opencv-matrix",
            "rows": 4,
            "cols": 4,
            "dt": "f",
            "data": [ 0.999991775, 0.00185378827, -0.00360144046,
                -0.000100258898, -0.00188071292, 0.999970198,
                -0.00748714758, -0.00188642088, 0.00358745339,
                0.00749385916, 0.999965489, 0.00165403902, 0.0, 0.0, 0.0,
                1.0 ]
        },
        {
            "type_id": "opencv-matrix",
            "rows": 4,
            "cols": 4,
            "dt": "f",
            "data": [ 0.999993324, 0.00186872506, 0.00313716661,
                -0.000200926996, -0.00186016574, 0.999994516,
                -0.00272907037, 0.000669847941, -0.0031422493,
                0.00272321654, 0.999991357, -0.00171963184, 0.0, 0.0,
                0.0, 1.0 ]
        },
        {
            "type_id": "opencv-matrix",
            "rows": 4,
            "cols": 4,
            "dt": "f",
            "data": [ 0.999993682, 0.00295657804, -0.00197034283,
                -0.0002446828, -0.00296433386, 0.999987841,
                -0.00394503912, 0.00143608719, 0.00195865496,
                0.00395085476, 0.999990284, -0.00311195105, 0.0, 0.0,
                0.0, 1.0 ]
        },
        {
            "type_id": "opencv-matrix",
            "rows": 4,
            "cols": 4,
            "dt": "f",
            "data": [ 0.999976873, -0.00553757092, 0.00394239882,
                0.000745482626, 0.00549765816, 0.999934256, 0.0100637786,
                -0.000279833708, -0.00399786886, -0.010041872,
                0.999941587, 0.00156697945, 0.0, 0.0, 0.0, 1.0 ]
        },
        {
            "type_id": "opencv-matrix",
            "rows": 4,
            "cols": 4,
            "dt": "f",
            "data": [ 0.999995887, -0.00241218624, -0.00155996892,
                -0.000461418211, 0.00241988408, 0.999984801,
                0.00495171687, 2.59646617e-06, 0.00154800073,
                -0.00495547149, 0.999986529, -0.000298453117, 0.0, 0.0,
                0.0, 1.0 ]
        },
        {
            "type_id": "opencv-matrix",
            "rows": 4,
            "cols": 4,
            "dt": "f",
            "data": [ 0.999989808, 0.000117206095, -0.00451621879,
                -0.00155674643, -0.000120647157, 0.999999702,
                -0.000761669537, -0.0010536405, 0.00451612845,
                0.000762206619, 0.99998951, -0.000562851841, 0.0, 0.0,
                0.0, 1.0 ]
        },
        {
            "type_id": "opencv-matrix",
            "rows": 4,
            "cols": 4,
            "dt": "f",
            "data": [ 0.999991655, -0.000688476546, -0.00401946763,
                0.000341922307, 0.000692341127, 0.999999285,
                0.000960150617, 6.87114298e-05, 0.00401880406,
                -0.000962925493, 0.999991477, -0.00137089286, 0.0, 0.0,
                0.0, 1.0 ]
        },
        {
            "type_id": "opencv-matrix",
            "rows": 4,
            "cols": 4,
            "dt": "f",
            "data": [ 0.999998987, 0.00137280149, -0.000387205684,
                -3.87238797e-05, -0.00137473468, 0.999986351,
                -0.005037311, 0.00130016357, 0.000380285172,
                0.00503783813, 0.999987245, -0.000969110464, 0.0, 0.0,
                0.0, 1.0 ]
        },
        {
            "type_id": "opencv-matrix",
            "rows": 4,
            "cols": 4,
            "dt": "f",
            "data": [ 0.999977529, -0.00255741435, -0.00619749865,
                -0.00265078968, 0.0025752401, 0.999992549, 0.00287003699,
                -0.000882306893, 0.00619011279, -0.00288593234,
                0.999976695, -0.00108211464, 0.0, 0.0, 0.0, 1.0 ]
        },
        {
            "type_id": "opencv-matrix",
            "rows": 4,
            "cols": 4,
            "dt": "f",
            "data": [ 0.999995112, 0.000867035997, -0.00301112188,
                -2.03636882e-05, -0.000855845341, 0.999992728,
                0.00371573144, -0.000344596017, 0.00301432167,
                -0.00371313607, 0.999988556, -0.000952409639, 0.0, 0.0,
                0.0, 1.0 ]
        },
        {
            "type_id": "opencv-matrix",
            "rows": 4,
            "cols": 4,
            "dt": "f",
            "data": [ 0.999997795, 0.00138309656, -0.00158708065,
                5.65214687e-05, -0.00138261612, 0.999998987,
                0.000303768145, -0.000121612124, 0.00158749917,
                -0.000301573164, 0.999998689, -0.000489518279, 0.0, 0.0,
                0.0, 1.0 ]
        },
        {
            "type_id": "opencv-matrix",
            "rows": 4,
            "cols": 4,
            "dt": "f",
            "data": [ 0.999998629, -0.000377393066, -0.00161411159,
                -0.00138385117, 0.000374962052, 0.999998808,
                -0.00150614406, 0.000537079177, 0.00161467807,
                0.00150553684, 0.999997556, -0.0016159612, 0.0, 0.0, 0.0,
                1.0 ]
        },
        {
            "type_id": "opencv-matrix",
            "rows": 4,
            "cols": 4,
            "dt": "f",
            "data": [ 0.999999046, -1.27615813e-05, -0.0013788084,
                0.000183899698, 1.86843099e-05, 0.999990761,
                0.00429561501, -0.000108091022, 0.00137874088,
                -0.00429563643, 0.999989808, 0.000413709815, 0.0, 0.0,
                0.0, 1.0 ]
        },
        {
            "type_id": "opencv-matrix",
            "rows": 4,
            "cols": 4,
            "dt": "f",
            "data": [ 0.999987781, 0.00165928889, -0.00465580309,
                -0.000539306493, -0.00165835756, 0.999998629,
                0.000203872725, -0.000969086774, 0.0046561351,
                -0.000196149238, 0.999989152, -0.000267287105, 0.0, 0.0,
                0.0, 1.0 ]
        },
        {
            "type_id": "opencv-matrix",
            "rows": 4,
            "cols": 4,
            "dt": "f",
            "data": [ 0.999985754, 0.00125984463, -0.00518976199,
                0.000367904518, -0.00127144402, 0.999996722,
                -0.00223236112, -0.000501215225, 0.00518693263,
                0.00223892764, 0.999984026, -0.00240696012, 0.0, 0.0,
                0.0, 1.0 ]
        },
        {
            "type_id": "opencv-matrix",
            "rows": 4,
            "cols": 4,
            "dt": "f",
            "data": [ 0.99999994, 0.000248024124, 0.000324645924,
                -0.000545111252, -0.000248754048, 0.999997437,
                0.0022502197, 0.000256243977, -0.000324086985,
                -0.00225030025, 0.999997437, -0.000954197778, 0.0, 0.0,
                0.0, 1.0 ]
        },
        {
            "type_id": "opencv-matrix",
            "rows": 4,
            "cols": 4,
            "dt": "f",
            "data": [ 0.999986589, 0.000691567664, -0.00512720877,
                6.79870136e-05, -0.000687639462, 0.999999464,
                0.00076787069, -0.000687165186, 0.0051277373,
                -0.000764334749, 0.999986589, -0.000844598108, 0.0, 0.0,
                0.0, 1.0 ]
        },
        {
            "type_id": "opencv-matrix",
            "rows": 4,
            "cols": 4,
            "dt": "f",
            "data": [ 0.999999046, 0.000172039479, 0.00137380045,
                0.000668158231, -0.000179383278, 0.999985695,
                0.00534727564, 0.000233564308, -0.00137286086,
                -0.00534751732, 0.999984741, 0.00113126216, 0.0, 0.0,
                0.0, 1.0 ]
        },
        {
            "type_id": "opencv-matrix",
            "rows": 4,
            "cols": 4,
            "dt": "f",
            "data": [ 0.999999642, 0.000158827985, 0.000850592915,
                0.000374740688, -0.000160061565, 0.999998927,
                0.00145038648, 6.97565411e-05, -0.000850361655,
                -0.0014505221, 0.999998569, 0.000113603317, 0.0, 0.0,
                0.0, 1.0 ]
        },
        {
            "type_id": "opencv-matrix",
            "rows": 4,
            "cols": 4,
            "dt": "f",
            "data": [ 0.999998689, -0.00162000034, 8.69341675e-05,
                0.000232632403, 0.0016196965, 0.999992967, 0.00338887773,
                0.000357967685, -9.24235355e-05, -0.00338873244,
                0.999994278, 0.000109471417, 0.0, 0.0, 0.0, 1.0 ]
        },
        {
            "type_id": "opencv-matrix",
            "rows": 4,
            "cols": 4,
            "dt": "f",
            "data": [ 0.999999464, -0.000654969539, 0.00076818018,
                0.000154607071, 0.000655423675, 0.999999583,
                -0.000591040647, -0.000491141051, -0.00076779275,
                0.000591543794, 0.999999523, 0.000654015807, 0.0, 0.0,
                0.0, 1.0 ]
        },
        {
            "type_id": "opencv-matrix",
            "rows": 4,
            "cols": 4,
            "dt": "f",
            "data": [ 0.999999762, -0.000436115835, -0.000490786799,
                0.000902605942, 0.000435153954, 0.999997973,
                -0.00195833156, -0.000161680102, 0.00049163989,
                0.00195811759, 0.999997973, 0.000387340348, 0.0, 0.0,
                0.0, 1.0 ]
        },
        {
            "type_id": "opencv-matrix",
            "rows": 4,
            "cols": 4,
            "dt": "f",
            "data": [ 0.999997556, 4.3370077e-05, 0.0022093975,
                -5.32920021e-05, -3.30249677e-05, 0.999989033,
                -0.00468214229, -1.18238622e-05, -0.00220957631,
                0.00468205754, 0.999986589, 0.000226056392, 0.0, 0.0,
                0.0, 1.0 ]
        },
        {
            "type_id": "opencv-matrix",
            "rows": 4,
            "cols": 4,
            "dt": "f",
            "data": [ 0.999992371, -0.00342705753, -0.00188178709,
                -0.000435536727, 0.00342466868, 0.999993324,
                -0.00127121573, -5.77979736e-05, 0.00188613101,
                0.00126476143, 0.999997437, 0.000148749561, 0.0, 0.0,
                0.0, 1.0 ]
        },
        {
            "type_id": "opencv-matrix",
            "rows": 4,
            "cols": 4,
            "dt": "f",
            "data": [ 0.99995929, 8.89018775e-05, -0.00902219396,
                -0.00172454712, -0.000201578965, 0.999921978,
                -0.0124887386, -5.81713939e-05, 0.00902037974,
                0.012490049, 0.999881327, -0.00273734936, 0.0, 0.0, 0.0,
                1.0 ]
        },
        {
            "type_id": "opencv-matrix",
            "rows": 4,
            "cols": 4,
            "dt": "f",
            "data": [ 0.999999702, -0.000162814773, 0.000734622125,
                -0.000473207154, 0.000166120517, 0.999989867,
                -0.00450210739, -0.000878932769, -0.000733881665,
                0.004502228, 0.999989569, -0.000107622487, 0.0, 0.0, 0.0,
                1.0 ]
        },
        {
            "type_id": "opencv-matrix",
            "rows": 4,
            "cols": 4,
            "dt": "f",
            "data": [ 0.999987483, -0.0025071057, -0.00433320738,
                0.000413327041, 0.00249730912, 0.999994338,
                -0.00226478162, -0.000712924404, 0.00433886051,
                0.00225393171, 0.999988019, -0.000790096354, 0.0, 0.0,
                0.0, 1.0 ]
        },
        {
            "type_id": "opencv-matrix",
            "rows": 4,
            "cols": 4,
            "dt": "f",
            "data": [ 0.999998629, -0.00135469297, -0.000965903746,
                -0.000452065375, 0.00135232904, 0.999996126,
                -0.00244387216, -0.0013484488, 0.00096921064,
                0.00244256249, 0.999996543, -0.000280343782, 0.0, 0.0,
                0.0, 1.0 ]
        },
        {
            "type_id": "opencv-matrix",
            "rows": 4,
            "cols": 4,
            "dt": "f",
            "data": [ 0.999999464, 0.000409097702, -0.000978707103,
                -0.00041524577, -0.00041162601, 0.999996603,
                -0.00258451514, 0.000216371933, 0.000977646443,
                0.00258491654, 0.999996185, -0.000805855962, 0.0, 0.0,
                0.0, 1.0 ]
        },
        {
            "type_id": "opencv-matrix",
            "rows": 4,
            "cols": 4,
            "dt": "f",
            "data": [ 0.999999881, -0.000275509985, -0.000379753765,
                -4.19973003e-06, 0.000274028513, 0.999992371,
                -0.00389567087, 0.000112712201, 0.000380824174,
                0.00389556633, 0.999992311, -0.000267909112, 0.0, 0.0,
                0.0, 1.0 ]
        },
        {
            "type_id": "opencv-matrix",
            "rows": 4,
            "cols": 4,
            "dt": "f",
            "data": [ 0.99999547, -0.000808290089, -0.00289260084,
                0.000117449301, 0.000810122758, 0.999999464,
                0.000632454117, -0.000197594869, 0.00289208815,
                -0.000634794589, 0.999995589, -0.00058855809, 0.0, 0.0,
                0.0, 1.0 ]
        },
        {
            "type_id": "opencv-matrix",
            "rows": 4,
            "cols": 4,
            "dt": "f",
            "data": [ 0.999992311, -0.00227057841, -0.00320551661,
                -0.00128515356, 0.00226589665, 0.999996364,
                -0.00146345515, -0.00086798449, 0.00320882793,
                0.00145618047, 0.999993801, 0.000360716804, 0.0, 0.0,
                0.0, 1.0 ]
        },
        {
            "type_id": "opencv-matrix",
            "rows": 4,
            "cols": 4,
            "dt": "f",
            "data": [ 0.99998194, 0.00168317312, -0.00576642435,
                -0.000128504253, -0.00170906901, 0.999988437,
                -0.00448882021, 0.000545680465, 0.00575880241,
                0.00449859444, 0.999973297, -0.00232126564, 0.0, 0.0,
                0.0, 1.0 ]
        },
        {
            "type_id": "opencv-matrix",
            "rows": 4,
            "cols": 4,
            "dt": "f",
            "data": [ 0.999998569, 0.00157513528, -0.000591529591,
                -0.000771689171, -0.00157854136, 0.99998194,
                -0.005802467, -0.00108999421, 0.000582379231,
                0.00580339227, 0.999983013, -0.000198915703, 0.0, 0.0,
                0.0, 1.0 ]
        },
        {
            "type_id": "opencv-matrix",
            "rows": 4,
            "cols": 4,
            "dt": "f",
            "data": [ 0.999998033, 0.00161186128, -0.00116915233,
                9.47201042e-05, -0.00161560485, 0.999993563,
                -0.00320803793, -0.000286399008, 0.00116397382,
                0.0032099206, 0.999994159, 9.32784096e-05, 0.0, 0.0, 0.0,
                1.0 ]
        },
        {
            "type_id": "opencv-matrix",
            "rows": 4,
            "cols": 4,
            "dt": "f",
            "data": [ 0.999998927, 0.000104975901, 0.00145712099,
                0.000234581603, -0.000102263264, 0.999998271,
                -0.00186159555, 0.00032675339, -0.00145731389,
                0.00186144456, 0.999997199, -0.000483084441, 0.0, 0.0,
                0.0, 1.0 ]
        },
        {
            "type_id": "opencv-matrix",
            "rows": 4,
            "cols": 4,
            "dt": "f",
            "data": [ 0.99998492, 0.00198274385, -0.00512140663,
                -0.000714729074, -0.00198022486, 0.999997914,
                0.000496878463, 2.41706821e-05, 0.0051223808,
                -0.000486729434, 0.999986768, -0.00091271539, 0.0, 0.0,
                0.0, 1.0 ]
        },
        {
            "type_id": "opencv-matrix",
            "rows": 4,
            "cols": 4,
            "dt": "f",
            "data": [ 0.999999344, -0.000654503179, 0.000963148603,
                0.000337020174, 0.000648977701, 0.99998337, 0.005726106,
                0.000349866517, -0.000966880354, -0.00572547689,
                0.999983132, 0.000887213915, 0.0, 0.0, 0.0, 1.0 ]
        },
        {
            "type_id": "opencv-matrix",
            "rows": 4,
            "cols": 4,
            "dt": "f",
            "data": [ 0.99999845, -0.000755214423, 0.00158975099,
                0.000852668018, 0.000748254999, 0.999990165,
                0.00437374506, 9.33962438e-05, -0.00159303856,
                -0.00437254878, 0.999989152, 0.000882774591, 0.0, 0.0,
                0.0, 1.0 ]
        }
    ],
    "TotalTranslation": [
        {
            "type_id": "opencv-matrix",
            "rows": 4,
            "cols": 4,
            "dt": "f",
            "data": [ 1.0, 0.0, 0.0, 0.0, 0.0, 1.0, 0.0, 0.0, 0.0, 0.0,
                1.0, 0.0, 0.0, 0.0, 0.0, 1.0 ]
        },
        {
            "type_id": "opencv-matrix",
            "rows": 4,
            "cols": 4,
            "dt": "f",
            "data": [ 0.999997556, -0.000333847333, -0.00217262376,
                -0.00135610183, 0.000319032406, 0.999976695,
                -0.00681567751, -0.000142472083, 0.00217484869,
                0.00681496831, 0.99997443, -0.0012819682, 0.0, 0.0, 0.0,
                1.0 ]
        },
        {
            "type_id": "opencv-matrix",
            "rows": 4,
            "cols": 4,
            "dt": "f",
            "data": [ 0.99998939, 0.000858356187, -0.00451915478,
                -0.00205300027, -0.000943938969, 0.999819636,
                -0.0189698227, -0.00134016539, 0.0045020571,
                0.0189738888, 0.999809861, -0.00167549262, 0.0, 0.0, 0.0,
                1.0 ]
        },
        {
            "type_id": "opencv-matrix",
            "rows": 4,
            "cols": 4,
            "dt": "f",
            "data": [ 0.999963343, 0.00267823343, -0.00812682789,
                -0.0021623522, -0.00289235823, 0.999645948,
                -0.0264515653, -0.00325752818, 0.00805310719,
                0.0264741033, 0.9996171, -5.80121996e-05, 0.0, 0.0, 0.0,
                1.0 ]
        },
        {
            "type_id": "opencv-matrix",
            "rows": 4,
            "cols": 4,
            "dt": "f",
            "data": [ 0.999977171, 0.00452474412, -0.004997015,
                -0.00234750262, -0.00466872891, 0.999562979,
                -0.0291885156, -0.00254184939, 0.00486276159,
                0.0292111803, 0.999561489, -0.0017608701, 0.0, 0.0, 0.0,
                1.0 ]
        },
        {
            "type_id": "opencv-matrix",
            "rows": 4,
            "cols": 4,
            "dt": "f",
            "data": [ 0.999947667, 0.00746145705, -0.00698511442,
                -0.00257013133, -0.00768890791, 0.999421656,
                -0.0331223495, -0.00101441413, 0.00673393533,
                0.0331743248, 0.999426961, -0.00483069662, 0.0, 0.0, 0.0,
                1.0 ]
        },
        {
            "type_id": "opencv-matrix",
            "rows": 4,
            "cols": 4,
            "dt": "f",
            "data": [ 0.999993503, 0.00199382915, -0.00296742376,
                -0.00183772121, -0.0020618327, 0.999731123,
                -0.0230927691, -0.00135171995, 0.00292058266,
                0.023098737, 0.999728978, -0.00326887844, 0.0, 0.0, 0.0,
                1.0 ]
        },
        {
            "type_id": "opencv-matrix",
            "rows": 4,
            "cols": 4,
            "dt": "f",
            "data": [ 0.999989629, -0.000403666723, -0.00451746956,
                -0.00229824567, 0.000321661471, 0.999835312,
                -0.0181388557, -0.00134128076, 0.00452404795,
                0.0181372147, 0.999825358, -0.00356853823, 0.0, 0.0, 0.0,
                1.0 ]
        },
        {
            "type_id": "opencv-matrix",
            "rows": 4,
            "cols": 4,
            "dt": "f",
            "data": [ 0.999959111, -0.000289904972, -0.00903328694,
                -0.00385200791, 0.000119113509, 0.999821246,
                -0.0189016629, -0.00238503888, 0.0090371538,
                0.0188998133, 0.999780595, -0.00415744446, 0.0, 0.0, 0.0,
                1.0 ]
        },
        {
            "type_id": "opencv-matrix",
            "rows": 4,
            "cols": 4,
            "dt": "f",
            "data": [ 0.999914289, -0.000969654822, -0.0130527914,
                -0.00349773583, 0.000735367765, 0.99983865, -0.017942002,
                -0.00229038694, 0.0130680855, 0.0179308653, 0.999753892,
                -0.00552364811, 0.0, 0.0, 0.0, 1.0 ]
        },
        {
            "type_id": "opencv-matrix",
            "rows": 4,
            "cols": 4,
            "dt": "f",
            "data": [ 0.999909639, 0.000337284349, -0.013434913,
                -0.00352506759, -0.000645969005, 0.999735653,
                -0.0229785554, -0.000973073882, 0.0134236142,
                0.0229851585, 0.99964577, -0.00646971306, 0.0, 0.0, 0.0,
                1.0 ]
        },
        {
            "type_id": "opencv-matrix",
            "rows": 4,
            "cols": 4,
            "dt": "f",
            "data": [ 0.999804914, -0.00218112906, -0.01963057,
                -0.00616137683, 0.00178636494, 0.999796212, -0.020104738,
                -0.00182856969, 0.019670425, 0.0200657472, 0.999605238,
                -0.00760730729, 0.0, 0.0, 0.0, 1.0 ]
        },
        {
            "type_id": "opencv-matrix",
            "rows": 4,
            "cols": 4,
            "dt": "f",
            "data": [ 0.999742687, -0.00124135532, -0.0226489846,
                -0.0061622886, 0.000870083109, 0.999865115,
                -0.0163949132, -0.00215398381, 0.0226662885,
                0.0163709857, 0.999609113, -0.00856665615, 0.0, 0.0, 0.0,
                1.0 ]
        },
        {
            "type_id": "opencv-matrix",
            "rows": 4,
            "cols": 4,
            "dt": "f",
            "data": [ 0.999706268, 0.000148216946, -0.0242360048,
                -0.00609454373, -0.000538375345, 0.999870241,
                -0.0160925463, -0.00226750481, 0.0242304821, 0.016100863,
                0.999576807, -0.00905669294, 0.0, 0.0, 0.0, 1.0 ]
        },
        {
            "type_id": "opencv-matrix",
            "rows": 4,
            "cols": 4,
            "dt": "f",
            "data": [ 0.999665797, -0.000265553623, -0.0258498061,
                -0.00743874442, -0.000189445491, 0.999845028,
                -0.0175975859, -0.00170374534, 0.0258504804,
                0.0175966006, 0.999511003, -0.0106968544, 0.0, 0.0, 0.0,
                1.0 ]
        },
        {
            "type_id": "opencv-matrix",
            "rows": 4,
            "cols": 4,
            "dt": "f",
            "data": [ 0.9996292, -0.000167267121, -0.0272290315,
                -0.00726557197, -0.000195026412, 0.999911368,
                -0.0133021958, -0.00181913469, 0.0272288509, 0.013302573,
                0.999540746, -0.0102804955, 0.0, 0.0, 0.0, 1.0 ]
        },
        {
            "type_id": "opencv-matrix",
            "rows": 4,
            "cols": 4,
            "dt": "f",
            "data": [ 0.999490499, 0.0014967476, -0.0318828486,
                -0.00779723842, -0.00191517139, 0.999912322,
                -0.013097289, -0.00278447475, 0.0318604559, 0.0131516755,
                0.999405861, -0.0105752358, 0.0, 0.0, 0.0, 1.0 ]
        },
        {
            "type_id": "opencv-matrix",
            "rows": 4,
            "cols": 4,
            "dt": "f",
            "data": [ 0.999308944, 0.00268456223, -0.0370728001,
                -0.00735353073, -0.00325441151, 0.999877334,
                -0.0153193055, -0.00325482595, 0.037027128, 0.0154293692,
                0.999195218, -0.0129756359, 0.0, 0.0, 0.0, 1.0 ]
        },
        {
            "type_id": "opencv-matrix",
            "rows": 4,
            "cols": 4,
            "dt": "f",
            "data": [ 0.999320269, 0.00301583274, -0.0367422439,
                -0.00786220282, -0.00349817006, 0.999908388,
                -0.0130703794, -0.00298222178, 0.0366994627,
                0.0131900245, 0.999239385, -0.0139452964, 0.0, 0.0, 0.0,
                1.0 ]
        },
        {
            "type_id": "opencv-matrix",
            "rows": 4,
            "cols": 4,
            "dt": "f",
            "data": [ 0.999116361, 0.00373501214, -0.0418631583,
                -0.00776530197, -0.00425272156, 0.999915421,
                -0.0122844679, -0.00365852262, 0.0418137386,
                0.0124516441, 0.999047935, -0.0147958212, 0.0, 0.0, 0.0,
                1.0 ]
        },
        {
            "type_id": "opencv-matrix",
            "rows": 4,
            "cols": 4,
            "dt": "f",
            "data": [ 0.999172211, 0.00413071038, -0.0404699594,
                -0.00714422017, -0.00441522058, 0.999966085,
                -0.00694329897, -0.00344171654, 0.0404399112,
                0.00711623346, 0.999156713, -0.0136347897, 0.0, 0.0, 0.0,
                1.0 ]
        },
        {
            "type_id": "opencv-matrix",
            "rows": 4,
            "cols": 4,
            "dt": "f",
            "data": [ 0.999205589, 0.00434810482, -0.0396140218,
                -0.00677409908, -0.00456937123, 0.99997437,
                -0.00549670728, -0.00337440567, 0.0395891108,
                0.00567334983, 0.999199986, -0.0135056311, 0.0, 0.0, 0.0,
                1.0 ]
        },
        {
            "type_id": "opencv-matrix",
            "rows": 4,
            "cols": 4,
            "dt": "f",
            "data": [ 0.999214947, 0.00286360201, -0.0395121947,
                -0.00654443167, -0.0029492022, 0.999993384,
                -0.00210828218, -0.00301811192, 0.039505899,
                0.00222315383, 0.999216914, -0.0133850072, 0.0, 0.0, 0.0,
                1.0 ]
        },
        {
            "type_id": "opencv-matrix",
            "rows": 4,
            "cols": 4,
            "dt": "f",
            "data": [ 0.999246597, 0.00218577241, -0.0387462899,
                -0.00641719392, -0.00229216251, 0.999993622,
                -0.00270158332, -0.00351108448, 0.0387401432,
                0.00278835837, 0.999245465, -0.0127264876, 0.0, 0.0, 0.0,
                1.0 ]
        },
        {
            "type_id": "opencv-matrix",
            "rows": 4,
            "cols": 4,
            "dt": "f",
            "data": [ 0.999228239, 0.00167411088, -0.0392409079,
                -0.00553062931, -0.00185833895, 0.999987304,
                -0.00465877168, -0.00367587898, 0.0392326154,
                0.00472809793, 0.999218941, -0.0123049235, 0.0, 0.0, 0.0,
                1.0 ]
        },
        {
            "type_id": "opencv-matrix",
            "rows": 4,
            "cols": 4,
            "dt": "f",
            "data": [ 0.99931246, 0.00153370097, -0.0370405279,
                -0.00559277041, -0.00188106508, 0.999954462,
                -0.00934489723, -0.00368865672, 0.0370245129,
                0.00940814801, 0.999270082, -0.01208119, 0.0, 0.0, 0.0,
                1.0 ]
        },
        {
            "type_id": "opencv-matrix",
            "rows": 4,
            "cols": 4,
            "dt": "f",
            "data": [ 0.99924022, -0.00193785795, -0.0389228761,
                -0.0060336059, 0.00152583618, 0.999942422, -0.0106124915,
                -0.00374702294, 0.0389412045, 0.0105450386, 0.99918586,
                -0.0119492179, 0.0, 0.0, 0.0, 1.0 ]
        },
        {
            "type_id": "opencv-matrix",
            "rows": 4,
            "cols": 4,
            "dt": "f",
            "data": [ 0.998848855, -0.00233502104, -0.0479093939,
                -0.00765018445, 0.00122847804, 0.999731958,
                -0.0231130179, -0.0037787722, 0.0479505286, 0.0230275579,
                0.99858427, -0.0147521077, 0.0, 0.0, 0.0, 1.0 ]
        },
        {
            "type_id": "opencv-matrix",
            "rows": 4,
            "cols": 4,
            "dt": "f",
            "data": [ 0.998883307, -0.00271332357, -0.0471646041,
                -0.00811563805, 0.00141151587, 0.999617577,
                -0.0276127756, -0.00465556327, 0.0472214967,
                0.0275153723, 0.998505414, -0.0149025079, 0.0, 0.0, 0.0,
                1.0 ]
        },
        {
            "type_id": "opencv-matrix",
            "rows": 4,
            "cols": 4,
            "dt": "f",
            "data": [ 0.998659432, -0.00532391993, -0.0514862612,
                -0.0076635736, 0.00378804444, 0.99954617, -0.0298824776,
                -0.00534581486, 0.0516219959, 0.0296473894, 0.998226523,
                -0.0156915225, 0.0, 0.0, 0.0, 1.0 ]
        },
        {
            "type_id": "opencv-matrix",
            "rows": 4,
            "cols": 4,
            "dt": "f",
            "data": [ 0.99860096, -0.00680253468, -0.0524376817,
                -0.00809342042, 0.00511079235, 0.999464154,
                -0.0323287956, -0.00668698689, 0.0526295081,
                0.0320155732, 0.998100758, -0.0160346832, 0.0, 0.0, 0.0,
                1.0 ]
        },
        {
            "type_id": "opencv-matrix",
            "rows": 4,
            "cols": 4,
            "dt": "f",
            "data": [ 0.998551965, -0.00652953284, -0.0533972383,
                -0.00846729986, 0.00466777803, 0.999379277,
                -0.0349168032, -0.00644680066, 0.0535920933,
                0.0346170031, 0.997962713, -0.016853936, 0.0, 0.0, 0.0,
                1.0 ]
        },
        {
            "type_id": "opencv-matrix",
            "rows": 4,
            "cols": 4,
            "dt": "f",
            "data": [ 0.998529732, -0.00701260613, -0.0537505932,
                -0.00845792424, 0.00492833881, 0.999234319,
                -0.0388115607, -0.00632482348, 0.0539816208,
                0.0384896062, 0.997799814, -0.0171176232, 0.0, 0.0, 0.0,
                1.0 ]
        },
        {
            "type_id": "opencv-matrix",
            "rows": 4,
            "cols": 4,
            "dt": "f",
            "data": [ 0.998364091, -0.00778558338, -0.0566431396,
                -0.00830762647, 0.00562557252, 0.999254405,
                -0.0381936766, -0.00649884529, 0.0568982847,
                0.0378125533, 0.997663617, -0.0177061521, 0.0, 0.0, 0.0,
                1.0 ]
        },
        {
            "type_id": "opencv-matrix",
            "rows": 4,
            "cols": 4,
            "dt": "f",
            "data": [ 0.998157024, -0.0101349019, -0.0598316677,
                -0.0096043516, 0.00776717952, 0.999182403, -0.039673835,
                -0.00738718966, 0.0601848587, 0.039136, 0.997419715,
                -0.0174522214, 0.0, 0.0, 0.0, 1.0 ]
        },
        {
            "type_id": "opencv-matrix",
            "rows": 4,
            "cols": 4,
            "dt": "f",
            "data": [ 0.997811735, -0.00872387178, -0.0655403733,
                -0.00959926471, 0.00583089376, 0.999005437,
                -0.0442027152, -0.00675085979, 0.0658608302,
                0.0437238365, 0.996870339, -0.0197538752, 0.0, 0.0, 0.0,
                1.0 ]
        },
        {
            "type_id": "opencv-matrix",
            "rows": 4,
            "cols": 4,
            "dt": "f",
            "data": [ 0.997785926, -0.00753238238, -0.0660788715,
                -0.0103467191, 0.00422817143, 0.998740017, -0.0500021093,
                -0.00783547666, 0.0663722754, 0.0496120155, 0.996560752,
                -0.0200506505, 0.0, 0.0, 0.0, 1.0 ]
        },
        {
            "type_id": "opencv-matrix",
            "rows": 4,
            "cols": 4,
            "dt": "f",
            "data": [ 0.997719228, -0.00613614917, -0.0672208816,
                -0.010256215, 0.00255639269, 0.99857986, -0.0532107577,
                -0.00812577829, 0.0674519613, 0.0529175587, 0.996318161,
                -0.0199656151, 0.0, 0.0, 0.0, 1.0 ]
        },
        {
            "type_id": "opencv-matrix",
            "rows": 4,
            "cols": 4,
            "dt": "f",
            "data": [ 0.997816801, -0.00615652977, -0.0657554716,
                -0.00999169983, 0.00253181672, 0.998479366,
                -0.0550658368, -0.00777318375, 0.0659945309,
                0.0547791384, 0.996315122, -0.0204138067, 0.0, 0.0, 0.0,
                1.0 ]
        },
        {
            "type_id": "opencv-matrix",
            "rows": 4,
            "cols": 4,
            "dt": "f",
            "data": [ 0.997477114, -0.00414609676, -0.0708678886,
                -0.0106450012, 0.000272496691, 0.998509109,
                -0.0545819513, -0.00770059973, 0.0709885657,
                0.0544249378, 0.99599117, -0.0213690028, 0.0, 0.0, 0.0,
                1.0 ]
        },
        {
            "type_id": "opencv-matrix",
            "rows": 4,
            "cols": 4,
            "dt": "f",
            "data": [ 0.997542322, -0.00439312728, -0.069929719,
                -0.0103731565, 0.000973280868, 0.998804808,
                -0.0488631986, -0.00739958882, 0.0700608343,
                0.0486750454, 0.996354401, -0.0204423796, 0.0, 0.0, 0.0,
                1.0 ]
        },
        {
            "type_id": "opencv-matrix",
            "rows": 4,
            "cols": 4,
            "dt": "f",
            "data": [ 0.997648895, -0.00484067155, -0.0683623329,
                -0.00958472677, 0.0017984811, 0.99900794, -0.0444926023,
                -0.00734860962, 0.068509914, 0.0442650467, 0.996667862,
                -0.0194985382, 0.0, 0.0, 0.0, 1.0 ]
        }
    ]
}
