{
    "TotalRotation": [
        {
            "type_id": "opencv-matrix",
            "rows": 3,
            "cols": 3,
            "dt": "d",
            "data": [ 1.0, 0.0, 0.0, 0.0, 1.0, 0.0, 0.0, 0.0, 1.0 ]
        },
        {
            "type_id": "opencv-matrix",
            "rows": 3,
            "cols": 3,
            "dt": "d",
            "data": [ 0.99953468540110557, 0.029581180820152972,
                0.0074408616032136483, -0.029066601563501278,
                0.99767060440056399, -0.061713027705356617,
                -0.009249073124450391, 0.061468031173113578,
                0.99806619810012587 ]
        },
        {
            "type_id": "opencv-matrix",
            "rows": 3,
            "cols": 3,
            "dt": "d",
            "data": [ 0.99953468540110557, 0.029581180820152972,
                0.0074408616032136483, -0.029066601563501278,
                0.99767060440056399, -0.061713027705356617,
                -0.009249073124450391, 0.061468031173113578,
                0.99806619810012587 ]
        },
        {
            "type_id": "opencv-matrix",
            "rows": 3,
            "cols": 3,
            "dt": "d",
            "data": [ 0.99953468540110557, 0.029581180820152972,
                0.0074408616032136483, -0.029066601563501278,
                0.99767060440056399, -0.061713027705356617,
                -0.009249073124450391, 0.061468031173113578,
                0.99806619810012587 ]
        },
        {
            "type_id": "opencv-matrix",
            "rows": 3,
            "cols": 3,
            "dt": "d",
            "data": [ 0.99953468540110557, 0.029581180820152972,
                0.0074408616032136483, -0.029066601563501278,
                0.99767060440056399, -0.061713027705356617,
                -0.009249073124450391, 0.061468031173113578,
                0.99806619810012587 ]
        },
        {
            "type_id": "opencv-matrix",
            "rows": 3,
            "cols": 3,
            "dt": "d",
            "data": [ 0.99953468540110557, 0.029581180820152972,
                0.0074408616032136483, -0.029066601563501278,
                0.99767060440056399, -0.061713027705356617,
                -0.009249073124450391, 0.061468031173113578,
                0.99806619810012587 ]
        },
        {
            "type_id": "opencv-matrix",
            "rows": 3,
            "cols": 3,
            "dt": "d",
            "data": [ 0.99953468540110557, 0.029581180820152972,
                0.0074408616032136483, -0.029066601563501278,
                0.99767060440056399, -0.061713027705356617,
                -0.009249073124450391, 0.061468031173113578,
                0.99806619810012587 ]
        },
        {
            "type_id": "opencv-matrix",
            "rows": 3,
            "cols": 3,
            "dt": "d",
            "data": [ 0.99953468540110557, 0.029581180820152972,
                0.0074408616032136483, -0.029066601563501278,
                0.99767060440056399, -0.061713027705356617,
                -0.009249073124450391, 0.061468031173113578,
                0.99806619810012587 ]
        },
        {
            "type_id": "opencv-matrix",
            "rows": 3,
            "cols": 3,
            "dt": "d",
            "data": [ 0.99953468540110557, 0.029581180820152972,
                0.0074408616032136483, -0.029066601563501278,
                0.99767060440056399, -0.061713027705356617,
                -0.009249073124450391, 0.061468031173113578,
                0.99806619810012587 ]
        },
        {
            "type_id": "opencv-matrix",
            "rows": 3,
            "cols": 3,
            "dt": "d",
            "data": [ 0.99953468540110557, 0.029581180820152972,
                0.0074408616032136483, -0.029066601563501278,
                0.99767060440056399, -0.061713027705356617,
                -0.009249073124450391, 0.061468031173113578,
                0.99806619810012587 ]
        },
        {
            "type_id": "opencv-matrix",
            "rows": 3,
            "cols": 3,
            "dt": "d",
            "data": [ 0.99953468540110557, 0.029581180820152972,
                0.0074408616032136483, -0.029066601563501278,
                0.99767060440056399, -0.061713027705356617,
                -0.009249073124450391, 0.061468031173113578,
                0.99806619810012587 ]
        },
        {
            "type_id": "opencv-matrix",
            "rows": 3,
            "cols": 3,
            "dt": "d",
            "data": [ 0.99953468540110557, 0.029581180820152972,
                0.0074408616032136483, -0.029066601563501278,
                0.99767060440056399, -0.061713027705356617,
                -0.009249073124450391, 0.061468031173113578,
                0.99806619810012587 ]
        },
        {
            "type_id": "opencv-matrix",
            "rows": 3,
            "cols": 3,
            "dt": "d",
            "data": [ 0.99953468540110557, 0.029581180820152972,
                0.0074408616032136483, -0.029066601563501278,
                0.99767060440056399, -0.061713027705356617,
                -0.009249073124450391, 0.061468031173113578,
                0.99806619810012587 ]
        },
        {
            "type_id": "opencv-matrix",
            "rows": 3,
            "cols": 3,
            "dt": "d",
            "data": [ 0.99953468540110557, 0.029581180820152972,
                0.0074408616032136483, -0.029066601563501278,
                0.99767060440056399, -0.061713027705356617,
                -0.009249073124450391, 0.061468031173113578,
                0.99806619810012587 ]
        },
        {
            "type_id": "opencv-matrix",
            "rows": 3,
            "cols": 3,
            "dt": "d",
            "data": [ 0.99953468540110557, 0.029581180820152972,
                0.0074408616032136483, -0.029066601563501278,
                0.99767060440056399, -0.061713027705356617,
                -0.009249073124450391, 0.061468031173113578,
                0.99806619810012587 ]
        },
        {
            "type_id": "opencv-matrix",
            "rows": 3,
            "cols": 3,
            "dt": "d",
            "data": [ 0.99953468540110557, 0.029581180820152972,
                0.0074408616032136483, -0.029066601563501278,
                0.99767060440056399, -0.061713027705356617,
                -0.009249073124450391, 0.061468031173113578,
                0.99806619810012587 ]
        },
        {
            "type_id": "opencv-matrix",
            "rows": 3,
            "cols": 3,
            "dt": "d",
            "data": [ 0.99953468540110557, 0.029581180820152972,
                0.0074408616032136483, -0.029066601563501278,
                0.99767060440056399, -0.061713027705356617,
                -0.009249073124450391, 0.061468031173113578,
                0.99806619810012587 ]
        },
        {
            "type_id": "opencv-matrix",
            "rows": 3,
            "cols": 3,
            "dt": "d",
            "data": [ 0.99953468540110557, 0.029581180820152972,
                0.0074408616032136483, -0.029066601563501278,
                0.99767060440056399, -0.061713027705356617,
                -0.009249073124450391, 0.061468031173113578,
                0.99806619810012587 ]
        },
        {
            "type_id": "opencv-matrix",
            "rows": 3,
            "cols": 3,
            "dt": "d",
            "data": [ 0.99953468540110557, 0.029581180820152972,
                0.0074408616032136483, -0.029066601563501278,
                0.99767060440056399, -0.061713027705356617,
                -0.009249073124450391, 0.061468031173113578,
                0.99806619810012587 ]
        },
        {
            "type_id": "opencv-matrix",
            "rows": 3,
            "cols": 3,
            "dt": "d",
            "data": [ 0.99953468540110557, 0.029581180820152972,
                0.0074408616032136483, -0.029066601563501278,
                0.99767060440056399, -0.061713027705356617,
                -0.009249073124450391, 0.061468031173113578,
                0.99806619810012587 ]
        },
        {
            "type_id": "opencv-matrix",
            "rows": 3,
            "cols": 3,
            "dt": "d",
            "data": [ 0.99953468540110557, 0.029581180820152972,
                0.0074408616032136483, -0.029066601563501278,
                0.99767060440056399, -0.061713027705356617,
                -0.009249073124450391, 0.061468031173113578,
                0.99806619810012587 ]
        },
        {
            "type_id": "opencv-matrix",
            "rows": 3,
            "cols": 3,
            "dt": "d",
            "data": [ 0.99953468540110557, 0.029581180820152972,
                0.0074408616032136483, -0.029066601563501278,
                0.99767060440056399, -0.061713027705356617,
                -0.009249073124450391, 0.061468031173113578,
                0.99806619810012587 ]
        },
        {
            "type_id": "opencv-matrix",
            "rows": 3,
            "cols": 3,
            "dt": "d",
            "data": [ 0.99953468540110557, 0.029581180820152972,
                0.0074408616032136483, -0.029066601563501278,
                0.99767060440056399, -0.061713027705356617,
                -0.009249073124450391, 0.061468031173113578,
                0.99806619810012587 ]
        },
        {
            "type_id": "opencv-matrix",
            "rows": 3,
            "cols": 3,
            "dt": "d",
            "data": [ 0.99953468540110557, 0.029581180820152972,
                0.0074408616032136483, -0.029066601563501278,
                0.99767060440056399, -0.061713027705356617,
                -0.009249073124450391, 0.061468031173113578,
                0.99806619810012587 ]
        },
        {
            "type_id": "opencv-matrix",
            "rows": 3,
            "cols": 3,
            "dt": "d",
            "data": [ 0.99953468540110557, 0.029581180820152972,
                0.0074408616032136483, -0.029066601563501278,
                0.99767060440056399, -0.061713027705356617,
                -0.009249073124450391, 0.061468031173113578,
                0.99806619810012587 ]
        },
        {
            "type_id": "opencv-matrix",
            "rows": 3,
            "cols": 3,
            "dt": "d",
            "data": [ 0.99953468540110557, 0.029581180820152972,
                0.0074408616032136483, -0.029066601563501278,
                0.99767060440056399, -0.061713027705356617,
                -0.009249073124450391, 0.061468031173113578,
                0.99806619810012587 ]
        },
        {
            "type_id": "opencv-matrix",
            "rows": 3,
            "cols": 3,
            "dt": "d",
            "data": [ 0.99953468540110557, 0.029581180820152972,
                0.0074408616032136483, -0.029066601563501278,
                0.99767060440056399, -0.061713027705356617,
                -0.009249073124450391, 0.061468031173113578,
                0.99806619810012587 ]
        },
        {
            "type_id": "opencv-matrix",
            "rows": 3,
            "cols": 3,
            "dt": "d",
            "data": [ 0.99953468540110557, 0.029581180820152972,
                0.0074408616032136483, -0.029066601563501278,
                0.99767060440056399, -0.061713027705356617,
                -0.009249073124450391, 0.061468031173113578,
                0.99806619810012587 ]
        },
        {
            "type_id": "opencv-matrix",
            "rows": 3,
            "cols": 3,
            "dt": "d",
            "data": [ 0.99953468540110557, 0.029581180820152972,
                0.0074408616032136483, -0.029066601563501278,
                0.99767060440056399, -0.061713027705356617,
                -0.009249073124450391, 0.061468031173113578,
                0.99806619810012587 ]
        },
        {
            "type_id": "opencv-matrix",
            "rows": 3,
            "cols": 3,
            "dt": "d",
            "data": [ 0.99953468540110557, 0.029581180820152972,
                0.0074408616032136483, -0.029066601563501278,
                0.99767060440056399, -0.061713027705356617,
                -0.009249073124450391, 0.061468031173113578,
                0.99806619810012587 ]
        },
        {
            "type_id": "opencv-matrix",
            "rows": 3,
            "cols": 3,
            "dt": "d",
            "data": [ 0.99953468540110557, 0.029581180820152972,
                0.0074408616032136483, -0.029066601563501278,
                0.99767060440056399, -0.061713027705356617,
                -0.009249073124450391, 0.061468031173113578,
                0.99806619810012587 ]
        },
        {
            "type_id": "opencv-matrix",
            "rows": 3,
            "cols": 3,
            "dt": "d",
            "data": [ 0.99953468540110557, 0.029581180820152972,
                0.0074408616032136483, -0.029066601563501278,
                0.99767060440056399, -0.061713027705356617,
                -0.009249073124450391, 0.061468031173113578,
                0.99806619810012587 ]
        },
        {
            "type_id": "opencv-matrix",
            "rows": 3,
            "cols": 3,
            "dt": "d",
            "data": [ 0.99953468540110557, 0.029581180820152972,
                0.0074408616032136483, -0.029066601563501278,
                0.99767060440056399, -0.061713027705356617,
                -0.009249073124450391, 0.061468031173113578,
                0.99806619810012587 ]
        },
        {
            "type_id": "opencv-matrix",
            "rows": 3,
            "cols": 3,
            "dt": "d",
            "data": [ 0.99953468540110557, 0.029581180820152972,
                0.0074408616032136483, -0.029066601563501278,
                0.99767060440056399, -0.061713027705356617,
                -0.009249073124450391, 0.061468031173113578,
                0.99806619810012587 ]
        },
        {
            "type_id": "opencv-matrix",
            "rows": 3,
            "cols": 3,
            "dt": "d",
            "data": [ 0.99953468540110557, 0.029581180820152972,
                0.0074408616032136483, -0.029066601563501278,
                0.99767060440056399, -0.061713027705356617,
                -0.009249073124450391, 0.061468031173113578,
                0.99806619810012587 ]
        },
        {
            "type_id": "opencv-matrix",
            "rows": 3,
            "cols": 3,
            "dt": "d",
            "data": [ 0.99953468540110557, 0.029581180820152972,
                0.0074408616032136483, -0.029066601563501278,
                0.99767060440056399, -0.061713027705356617,
                -0.009249073124450391, 0.061468031173113578,
                0.99806619810012587 ]
        },
        {
            "type_id": "opencv-matrix",
            "rows": 3,
            "cols": 3,
            "dt": "d",
            "data": [ 0.99953468540110557, 0.029581180820152972,
                0.0074408616032136483, -0.029066601563501278,
                0.99767060440056399, -0.061713027705356617,
                -0.009249073124450391, 0.061468031173113578,
                0.99806619810012587 ]
        },
        {
            "type_id": "opencv-matrix",
            "rows": 3,
            "cols": 3,
            "dt": "d",
            "data": [ 0.99953468540110557, 0.029581180820152972,
                0.0074408616032136483, -0.029066601563501278,
                0.99767060440056399, -0.061713027705356617,
                -0.009249073124450391, 0.061468031173113578,
                0.99806619810012587 ]
        },
        {
            "type_id": "opencv-matrix",
            "rows": 3,
            "cols": 3,
            "dt": "d",
            "data": [ 0.99953468540110557, 0.029581180820152972,
                0.0074408616032136483, -0.029066601563501278,
                0.99767060440056399, -0.061713027705356617,
                -0.009249073124450391, 0.061468031173113578,
                0.99806619810012587 ]
        },
        {
            "type_id": "opencv-matrix",
            "rows": 3,
            "cols": 3,
            "dt": "d",
            "data": [ 0.99953468540110557, 0.029581180820152972,
                0.0074408616032136483, -0.029066601563501278,
                0.99767060440056399, -0.061713027705356617,
                -0.009249073124450391, 0.061468031173113578,
                0.99806619810012587 ]
        },
        {
            "type_id": "opencv-matrix",
            "rows": 3,
            "cols": 3,
            "dt": "d",
            "data": [ 0.99953468540110557, 0.029581180820152972,
                0.0074408616032136483, -0.029066601563501278,
                0.99767060440056399, -0.061713027705356617,
                -0.009249073124450391, 0.061468031173113578,
                0.99806619810012587 ]
        },
        {
            "type_id": "opencv-matrix",
            "rows": 3,
            "cols": 3,
            "dt": "d",
            "data": [ 0.99953468540110557, 0.029581180820152972,
                0.0074408616032136483, -0.029066601563501278,
                0.99767060440056399, -0.061713027705356617,
                -0.009249073124450391, 0.061468031173113578,
                0.99806619810012587 ]
        },
        {
            "type_id": "opencv-matrix",
            "rows": 3,
            "cols": 3,
            "dt": "d",
            "data": [ 0.99953468540110557, 0.029581180820152972,
                0.0074408616032136483, -0.029066601563501278,
                0.99767060440056399, -0.061713027705356617,
                -0.009249073124450391, 0.061468031173113578,
                0.99806619810012587 ]
        },
        {
            "type_id": "opencv-matrix",
            "rows": 3,
            "cols": 3,
            "dt": "d",
            "data": [ 0.99953468540110557, 0.029581180820152972,
                0.0074408616032136483, -0.029066601563501278,
                0.99767060440056399, -0.061713027705356617,
                -0.009249073124450391, 0.061468031173113578,
                0.99806619810012587 ]
        },
        {
            "type_id": "opencv-matrix",
            "rows": 3,
            "cols": 3,
            "dt": "d",
            "data": [ 0.99953468540110557, 0.029581180820152972,
                0.0074408616032136483, -0.029066601563501278,
                0.99767060440056399, -0.061713027705356617,
                -0.009249073124450391, 0.061468031173113578,
                0.99806619810012587 ]
        },
        {
            "type_id": "opencv-matrix",
            "rows": 3,
            "cols": 3,
            "dt": "d",
            "data": [ 0.99953468540110557, 0.029581180820152972,
                0.0074408616032136483, -0.029066601563501278,
                0.99767060440056399, -0.061713027705356617,
                -0.009249073124450391, 0.061468031173113578,
                0.99806619810012587 ]
        },
        {
            "type_id": "opencv-matrix",
            "rows": 3,
            "cols": 3,
            "dt": "d",
            "data": [ 0.99953468540110557, 0.029581180820152972,
                0.0074408616032136483, -0.029066601563501278,
                0.99767060440056399, -0.061713027705356617,
                -0.009249073124450391, 0.061468031173113578,
                0.99806619810012587 ]
        },
        {
            "type_id": "opencv-matrix",
            "rows": 3,
            "cols": 3,
            "dt": "d",
            "data": [ 0.99953468540110557, 0.029581180820152972,
                0.0074408616032136483, -0.029066601563501278,
                0.99767060440056399, -0.061713027705356617,
                -0.009249073124450391, 0.061468031173113578,
                0.99806619810012587 ]
        },
        {
            "type_id": "opencv-matrix",
            "rows": 3,
            "cols": 3,
            "dt": "d",
            "data": [ 0.99953468540110557, 0.029581180820152972,
                0.0074408616032136483, -0.029066601563501278,
                0.99767060440056399, -0.061713027705356617,
                -0.009249073124450391, 0.061468031173113578,
                0.99806619810012587 ]
        },
        {
            "type_id": "opencv-matrix",
            "rows": 3,
            "cols": 3,
            "dt": "d",
            "data": [ 0.99953468540110557, 0.029581180820152972,
                0.0074408616032136483, -0.029066601563501278,
                0.99767060440056399, -0.061713027705356617,
                -0.009249073124450391, 0.061468031173113578,
                0.99806619810012587 ]
        },
        {
            "type_id": "opencv-matrix",
            "rows": 3,
            "cols": 3,
            "dt": "d",
            "data": [ 0.99953468540110557, 0.029581180820152972,
                0.0074408616032136483, -0.029066601563501278,
                0.99767060440056399, -0.061713027705356617,
                -0.009249073124450391, 0.061468031173113578,
                0.99806619810012587 ]
        },
        {
            "type_id": "opencv-matrix",
            "rows": 3,
            "cols": 3,
            "dt": "d",
            "data": [ 0.99953468540110557, 0.029581180820152972,
                0.0074408616032136483, -0.029066601563501278,
                0.99767060440056399, -0.061713027705356617,
                -0.009249073124450391, 0.061468031173113578,
                0.99806619810012587 ]
        },
        {
            "type_id": "opencv-matrix",
            "rows": 3,
            "cols": 3,
            "dt": "d",
            "data": [ 0.99953468540110557, 0.029581180820152972,
                0.0074408616032136483, -0.029066601563501278,
                0.99767060440056399, -0.061713027705356617,
                -0.009249073124450391, 0.061468031173113578,
                0.99806619810012587 ]
        },
        {
            "type_id": "opencv-matrix",
            "rows": 3,
            "cols": 3,
            "dt": "d",
            "data": [ 0.99953468540110557, 0.029581180820152972,
                0.0074408616032136483, -0.029066601563501278,
                0.99767060440056399, -0.061713027705356617,
                -0.009249073124450391, 0.061468031173113578,
                0.99806619810012587 ]
        },
        {
            "type_id": "opencv-matrix",
            "rows": 3,
            "cols": 3,
            "dt": "d",
            "data": [ 0.99953468540110557, 0.029581180820152972,
                0.0074408616032136483, -0.029066601563501278,
                0.99767060440056399, -0.061713027705356617,
                -0.009249073124450391, 0.061468031173113578,
                0.99806619810012587 ]
        },
        {
            "type_id": "opencv-matrix",
            "rows": 3,
            "cols": 3,
            "dt": "d",
            "data": [ 0.99953468540110557, 0.029581180820152972,
                0.0074408616032136483, -0.029066601563501278,
                0.99767060440056399, -0.061713027705356617,
                -0.009249073124450391, 0.061468031173113578,
                0.99806619810012587 ]
        },
        {
            "type_id": "opencv-matrix",
            "rows": 3,
            "cols": 3,
            "dt": "d",
            "data": [ 0.99953468540110557, 0.029581180820152972,
                0.0074408616032136483, -0.029066601563501278,
                0.99767060440056399, -0.061713027705356617,
                -0.009249073124450391, 0.061468031173113578,
                0.99806619810012587 ]
        },
        {
            "type_id": "opencv-matrix",
            "rows": 3,
            "cols": 3,
            "dt": "d",
            "data": [ 0.99953468540110557, 0.029581180820152972,
                0.0074408616032136483, -0.029066601563501278,
                0.99767060440056399, -0.061713027705356617,
                -0.009249073124450391, 0.061468031173113578,
                0.99806619810012587 ]
        }
    ],
    "TotalTranslation": [
        {
            "type_id": "opencv-matrix",
            "rows": 1,
            "cols": 3,
            "dt": "d",
            "data": [ 0.0, 0.0, 0.0 ]
        },
        {
            "type_id": "opencv-matrix",
            "rows": 1,
            "cols": 3,
            "dt": "d",
            "data": [ -0.0044522969135416335, 0.017959338725711909,
                -0.086370899488121364 ]
        },
        {
            "type_id": "opencv-matrix",
            "rows": 1,
            "cols": 3,
            "dt": "d",
            "data": [ -0.010544684871531845, 0.039651904100558757,
                -0.15554964102890628 ]
        },
        {
            "type_id": "opencv-matrix",
            "rows": 1,
            "cols": 3,
            "dt": "d",
            "data": [ -0.014690079053793475, 0.053018865438472472,
                -0.21096346451155129 ]
        },
        {
            "type_id": "opencv-matrix",
            "rows": 1,
            "cols": 3,
            "dt": "d",
            "data": [ -0.022671732039276554, 0.066246386937006574,
                -0.27719586105771826 ]
        },
        {
            "type_id": "opencv-matrix",
            "rows": 1,
            "cols": 3,
            "dt": "d",
            "data": [ -0.038539868132624062, 0.080121559194664765,
                -0.36301186129990137 ]
        },
        {
            "type_id": "opencv-matrix",
            "rows": 1,
            "cols": 3,
            "dt": "d",
            "data": [ -0.04628625211825671, 0.09450545096358004,
                -0.41838384780114174 ]
        },
        {
            "type_id": "opencv-matrix",
            "rows": 1,
            "cols": 3,
            "dt": "d",
            "data": [ -0.053134564989365043, 0.1101075087115264,
                -0.47505218612812272 ]
        },
        {
            "type_id": "opencv-matrix",
            "rows": 1,
            "cols": 3,
            "dt": "d",
            "data": [ -0.057652287869423113, 0.12867908907828193,
                -0.55877469422633586 ]
        },
        {
            "type_id": "opencv-matrix",
            "rows": 1,
            "cols": 3,
            "dt": "d",
            "data": [ -0.066015157856240833, 0.14617686093541013,
                -0.61730884717285606 ]
        },
        {
            "type_id": "opencv-matrix",
            "rows": 1,
            "cols": 3,
            "dt": "d",
            "data": [ -0.076296376089995344, 0.15817121726583813,
                -0.68113912964697787 ]
        },
        {
            "type_id": "opencv-matrix",
            "rows": 1,
            "cols": 3,
            "dt": "d",
            "data": [ -0.08472124980464843, 0.17135352446346599,
                -0.74822025266163106 ]
        },
        {
            "type_id": "opencv-matrix",
            "rows": 1,
            "cols": 3,
            "dt": "d",
            "data": [ -0.092183477319126753, 0.18497696786930021,
                -0.80358511584031889 ]
        },
        {
            "type_id": "opencv-matrix",
            "rows": 1,
            "cols": 3,
            "dt": "d",
            "data": [ -0.10057733167901073, 0.19905579925117262,
                -0.86474905369962818 ]
        },
        {
            "type_id": "opencv-matrix",
            "rows": 1,
            "cols": 3,
            "dt": "d",
            "data": [ -0.11671935825328345, 0.2152794308988043,
                -0.95164799083788421 ]
        },
        {
            "type_id": "opencv-matrix",
            "rows": 1,
            "cols": 3,
            "dt": "d",
            "data": [ -0.12175783461187727, 0.23302207803056035,
                -1.0139353155142705 ]
        },
        {
            "type_id": "opencv-matrix",
            "rows": 1,
            "cols": 3,
            "dt": "d",
            "data": [ -0.12698563070641156, 0.2474355378946827,
                -1.0747177340992005 ]
        },
        {
            "type_id": "opencv-matrix",
            "rows": 1,
            "cols": 3,
            "dt": "d",
            "data": [ -0.13597136991812417, 0.26488604788628972,
                -1.1335117738089349 ]
        },
        {
            "type_id": "opencv-matrix",
            "rows": 1,
            "cols": 3,
            "dt": "d",
            "data": [ -0.1401820181798008, 0.27752490404419444,
                -1.1893808512499795 ]
        },
        {
            "type_id": "opencv-matrix",
            "rows": 1,
            "cols": 3,
            "dt": "d",
            "data": [ -0.15119035517704876, 0.29381514110035362,
                -1.2555144340598134 ]
        },
        {
            "type_id": "opencv-matrix",
            "rows": 1,
            "cols": 3,
            "dt": "d",
            "data": [ -0.16124522236062933, 0.3051759737020151,
                -1.3217783594451868 ]
        },
        {
            "type_id": "opencv-matrix",
            "rows": 1,
            "cols": 3,
            "dt": "d",
            "data": [ -0.17594037615391439, 0.32141292638203278,
                -1.3868133277118269 ]
        },
        {
            "type_id": "opencv-matrix",
            "rows": 1,
            "cols": 3,
            "dt": "d",
            "data": [ -0.19251863446334225, 0.33319870124031642,
                -1.4599231981898417 ]
        },
        {
            "type_id": "opencv-matrix",
            "rows": 1,
            "cols": 3,
            "dt": "d",
            "data": [ -0.19985421663237657, 0.341702126905917,
                -1.5221185687787595 ]
        },
        {
            "type_id": "opencv-matrix",
            "rows": 1,
            "cols": 3,
            "dt": "d",
            "data": [ -0.21011991911571065, 0.35330901802589332,
                -1.5884673755215863 ]
        },
        {
            "type_id": "opencv-matrix",
            "rows": 1,
            "cols": 3,
            "dt": "d",
            "data": [ -0.23065941379150462, 0.3698896474406666,
                -1.6706889744824187 ]
        },
        {
            "type_id": "opencv-matrix",
            "rows": 1,
            "cols": 3,
            "dt": "d",
            "data": [ -0.24267238175278416, 0.38933476729860722,
                -1.7403321879156226 ]
        },
        {
            "type_id": "opencv-matrix",
            "rows": 1,
            "cols": 3,
            "dt": "d",
            "data": [ -0.25314693384092363, 0.39985781205974458,
                -1.8084876884226255 ]
        },
        {
            "type_id": "opencv-matrix",
            "rows": 1,
            "cols": 3,
            "dt": "d",
            "data": [ -0.2664313510352973, 0.4166543311784569,
                -1.8784940005777109 ]
        },
        {
            "type_id": "opencv-matrix",
            "rows": 1,
            "cols": 3,
            "dt": "d",
            "data": [ -0.28195872143381445, 0.43706230261805473,
                -1.9489926950072536 ]
        },
        {
            "type_id": "opencv-matrix",
            "rows": 1,
            "cols": 3,
            "dt": "d",
            "data": [ -0.29535727545410062, 0.46025907366395841,
                -2.0383687344884951 ]
        },
        {
            "type_id": "opencv-matrix",
            "rows": 1,
            "cols": 3,
            "dt": "d",
            "data": [ -0.3057682480076786, 0.47797421909630433,
                -2.1111879299998004 ]
        },
        {
            "type_id": "opencv-matrix",
            "rows": 1,
            "cols": 3,
            "dt": "d",
            "data": [ -0.3170544069697333, 0.49318577779332962,
                -2.1813848620989096 ]
        },
        {
            "type_id": "opencv-matrix",
            "rows": 1,
            "cols": 3,
            "dt": "d",
            "data": [ -0.32526559315934189, 0.50875818619109248,
                -2.2547218730775507 ]
        },
        {
            "type_id": "opencv-matrix",
            "rows": 1,
            "cols": 3,
            "dt": "d",
            "data": [ -0.33428357372901224, 0.52431628695083521,
                -2.3192302563083858 ]
        },
        {
            "type_id": "opencv-matrix",
            "rows": 1,
            "cols": 3,
            "dt": "d",
            "data": [ -0.35315176984495689, 0.5445402935870064,
                -2.3960651485591287 ]
        },
        {
            "type_id": "opencv-matrix",
            "rows": 1,
            "cols": 3,
            "dt": "d",
            "data": [ -0.38625496792158587, 0.56949474071895156,
                -2.4832288672389438 ]
        },
        {
            "type_id": "opencv-matrix",
            "rows": 1,
            "cols": 3,
            "dt": "d",
            "data": [ -0.40121382380985549, 0.58645743680533247,
                -2.5557669038472537 ]
        },
        {
            "type_id": "opencv-matrix",
            "rows": 1,
            "cols": 3,
            "dt": "d",
            "data": [ -0.41707713871660174, 0.60701584463460923,
                -2.6309888332494782 ]
        },
        {
            "type_id": "opencv-matrix",
            "rows": 1,
            "cols": 3,
            "dt": "d",
            "data": [ -0.4221947969093065, 0.61730928420317777,
                -2.6926175991888464 ]
        },
        {
            "type_id": "opencv-matrix",
            "rows": 1,
            "cols": 3,
            "dt": "d",
            "data": [ -0.43723134304656325, 0.63557268016657986,
                -2.7662544987665747 ]
        },
        {
            "type_id": "opencv-matrix",
            "rows": 1,
            "cols": 3,
            "dt": "d",
            "data": [ -0.45923796494276542, 0.64726718534895566,
                -2.8573865580738431 ]
        },
        {
            "type_id": "opencv-matrix",
            "rows": 1,
            "cols": 3,
            "dt": "d",
            "data": [ -0.47646735706648358, 0.66787285882090908,
                -2.9328088244784603 ]
        },
        {
            "type_id": "opencv-matrix",
            "rows": 1,
            "cols": 3,
            "dt": "d",
            "data": [ -0.49360263098490142, 0.68765796574130056,
                -3.0099242911948423 ]
        },
        {
            "type_id": "opencv-matrix",
            "rows": 1,
            "cols": 3,
            "dt": "d",
            "data": [ -0.52478453567608985, 0.72594388802063481,
                -3.1268891601139028 ]
        },
        {
            "type_id": "opencv-matrix",
            "rows": 1,
            "cols": 3,
            "dt": "d",
            "data": [ -0.54299282010666927, 0.74405494746984857,
                -3.2029833186421488 ]
        },
        {
            "type_id": "opencv-matrix",
            "rows": 1,
            "cols": 3,
            "dt": "d",
            "data": [ -0.54766638383912802, 0.75963010461853564,
                -3.2657502061059902 ]
        },
        {
            "type_id": "opencv-matrix",
            "rows": 1,
            "cols": 3,
            "dt": "d",
            "data": [ -0.56370351941789254, 0.78221820574707079,
                -3.3412578246373625 ]
        },
        {
            "type_id": "opencv-matrix",
            "rows": 1,
            "cols": 3,
            "dt": "d",
            "data": [ -0.58180396464289086, 0.80317761541094135,
                -3.4202870258121991 ]
        },
        {
            "type_id": "opencv-matrix",
            "rows": 1,
            "cols": 3,
            "dt": "d",
            "data": [ -0.59864137513067517, 0.82747024669278901,
                -3.4994778152552253 ]
        },
        {
            "type_id": "opencv-matrix",
            "rows": 1,
            "cols": 3,
            "dt": "d",
            "data": [ -0.61777719729363145, 0.84949355669469895,
                -3.5799060051933997 ]
        },
        {
            "type_id": "opencv-matrix",
            "rows": 1,
            "cols": 3,
            "dt": "d",
            "data": [ -0.64017792207336688, 0.87280694355711541,
                -3.6585236517611177 ]
        },
        {
            "type_id": "opencv-matrix",
            "rows": 1,
            "cols": 3,
            "dt": "d",
            "data": [ -0.65858034571213875, 0.89186797089354342,
                -3.7361636385373851 ]
        },
        {
            "type_id": "opencv-matrix",
            "rows": 1,
            "cols": 3,
            "dt": "d",
            "data": [ -0.67889252899230079, 0.91416019387665282,
                -3.823532339303064 ]
        },
        {
            "type_id": "opencv-matrix",
            "rows": 1,
            "cols": 3,
            "dt": "d",
            "data": [ -0.68761749112225568, 0.92552259621826571,
                -3.8950039609470601 ]
        },
        {
            "type_id": "opencv-matrix",
            "rows": 1,
            "cols": 3,
            "dt": "d",
            "data": [ -0.70021403907923241, 0.94353843814023008,
                -3.9780593840349772 ]
        },
        {
            "type_id": "opencv-matrix",
            "rows": 1,
            "cols": 3,
            "dt": "d",
            "data": [ -0.70992864531892985, 0.95378677788077826,
                -4.0499237672491022 ]
        },
        {
            "type_id": "opencv-matrix",
            "rows": 1,
            "cols": 3,
            "dt": "d",
            "data": [ -0.72090294374377173, 0.96832432374521005,
                -4.1293118736236591 ]
        }
    ]
}
