{
    "TotalRotation": [
        {
            "type_id": "opencv-matrix",
            "rows": 4,
            "cols": 4,
            "dt": "d",
            "data": [ 0.99998935785933263, 0.0045991782497946899,
                0.00036294284156567185, -0.0018303020222049367,
                -0.0045889375765184948, 0.99969092227717582,
                -0.024433615543515842, 0.0082289350799204953,
                -0.00047520521719028889, 0.024431689995498426,
                0.99970138876764858, -0.079222269292353389, 0.0, 0.0,
                0.0, 1.0 ]
        },
        {
            "type_id": "opencv-matrix",
            "rows": 4,
            "cols": 4,
            "dt": "d",
            "data": [ 0.99992541104485511, -0.0021197784748840671,
                0.012028253655242927, 0.0016221110008037046,
                0.0023750359639765376, 0.99977143502389765,
                -0.021247044839840242, 0.0071094187076019772,
                -0.011980465389427269, 0.021274027579980762,
                0.99970189766728912, -0.10148388524454437, 0.0, 0.0, 0.0,
                1.0 ]
        },
        {
            "type_id": "opencv-matrix",
            "rows": 4,
            "cols": 4,
            "dt": "d",
            "data": [ 0.99992738128641379, -0.010162919681788177,
                -0.006476667139537793, -0.010466338263415724,
                0.010204717782075934, 0.99992710467728518,
                0.006453608811337482, 0.028149266085668513,
                0.0064106075127892022, -0.0065192327188950761,
                0.99995820098445809, -0.06302505692482667, 0.0, 0.0, 0.0,
                1.0 ]
        },
        {
            "type_id": "opencv-matrix",
            "rows": 4,
            "cols": 4,
            "dt": "d",
            "data": [ 0.99603903897634805, 0.016065505091559538,
                0.087453601305070072, -0.060305918161114462,
                -0.01798234631221142, 0.99961405664386971,
                0.021174819505586213, -0.020652089174409066,
                -0.087079664998096856, -0.022663567815759563,
                0.99594351980304574, -0.056752485572335108, 0.0, 0.0,
                0.0, 1.0 ]
        },
        {
            "type_id": "opencv-matrix",
            "rows": 4,
            "cols": 4,
            "dt": "d",
            "data": [ 0.99578207746131098, 0.018399869300226156,
                0.089886033490027037, -0.14010151520025105,
                -0.018224192909736599, 0.99983007513177147,
                -0.0027748251809816696, 0.0060125175737196276,
                -0.089921816038291705, 0.0011250207690965677,
                0.99594819209065522, -0.15001965643217335, 0.0, 0.0, 0.0,
                1.0 ]
        },
        {
            "type_id": "opencv-matrix",
            "rows": 4,
            "cols": 4,
            "dt": "d",
            "data": [ 0.99555424666425074, -0.0092282037602791477,
                0.093736770821993873, -0.051130693164445462,
                0.0085586569592772267, 0.99993492901987313,
                0.0075423548759457493, -0.0029858932204528299,
                -0.093800273666070119, -0.0067065625606607844,
                0.99556844600398542, -0.056747749992399711, 0.0, 0.0,
                0.0, 1.0 ]
        },
        {
            "type_id": "opencv-matrix",
            "rows": 4,
            "cols": 4,
            "dt": "d",
            "data": [ 0.99962420408662267, -0.020840495430473047,
                -0.017807985691781124, 0.014381284743207944,
                0.020886691075459603, 0.99977893967312637,
                0.0024120368980481773, -0.020273918008568745,
                0.017753781008691231, -0.0027830803602594081,
                0.99983851582323224, -0.08678002151877158, 0.0, 0.0, 0.0,
                1.0 ]
        },
        {
            "type_id": "opencv-matrix",
            "rows": 4,
            "cols": 4,
            "dt": "d",
            "data": [ 0.99604026491949549, 0.017030133178089529,
                0.087256892123417279, -0.14460421255565745,
                -0.01753106105262486, 0.99983392846168517,
                0.0049776897495619693, -0.009825815125740784,
                -0.087157630517759516, -0.006487685319918707,
                0.99617340728495629, -0.15253559159254687, 0.0, 0.0, 0.0,
                1.0 ]
        },
        {
            "type_id": "opencv-matrix",
            "rows": 4,
            "cols": 4,
            "dt": "d",
            "data": [ 0.99581497442037525, -0.0024316926871334145,
                0.091359857655442064, -0.078960831888811436,
                0.0023842047570678806, 0.99999696000590921,
                0.00062892496884383296, 0.023027825862092351,
                -0.091361109274262151, -0.00040847229453440685,
                0.99581774480200991, -0.091713083305582574, 0.0, 0.0,
                0.0, 1.0 ]
        },
        {
            "type_id": "opencv-matrix",
            "rows": 4,
            "cols": 4,
            "dt": "d",
            "data": [ 0.99575630053923769, 0.012141572473836295,
                0.091224843953135903, -0.066196051939778802,
                -0.011760041168187517, 0.99991971443217453,
                -0.0047186991428951166, 0.021144682782653881,
                -0.091274812342365036, 0.0036258664814365553,
                0.99581914107137193, -0.075270882871512831, 0.0, 0.0,
                0.0, 1.0 ]
        },
        {
            "type_id": "opencv-matrix",
            "rows": 4,
            "cols": 4,
            "dt": "d",
            "data": [ 0.99713330897094188, 0.035013017892251412,
                0.067076469188061538, -0.07325039492336051,
                -0.033266696169935252, 0.99908234891184378,
                -0.026977528032237283, 0.081264574572068662,
                -0.067959481064802874, 0.024668779274009803,
                0.99738305593314192, -0.13424295398989144, 0.0, 0.0, 0.0,
                1.0 ]
        },
        {
            "type_id": "opencv-matrix",
            "rows": 4,
            "cols": 4,
            "dt": "d",
            "data": [ 0.99538384543740532, -0.025324240411542236,
                0.092572582819223981, -0.05169182313534678,
                0.023477624243051685, 0.99950413796923887,
                0.020982834467028463, -0.01977935061264045,
                -0.09305805393487307, -0.018712590145328813,
                0.99548482538304284, -0.053965221276804351, 0.0, 0.0,
                0.0, 1.0 ]
        },
        {
            "type_id": "opencv-matrix",
            "rows": 4,
            "cols": 4,
            "dt": "d",
            "data": [ 0.99782798393381666, -0.00081338383441152619,
                0.065868451365680064, -0.032927702616503997,
                -0.002797854811007458, 0.9984981359950208,
                0.054714206774159974, -0.047052265453650301,
                -0.065814029560812976, -0.054779657001545093,
                0.99632710627171117, -0.080674257447023154, 0.0, 0.0,
                0.0, 1.0 ]
        },
        {
            "type_id": "opencv-matrix",
            "rows": 4,
            "cols": 4,
            "dt": "d",
            "data": [ 0.99676597001714284, -0.012209029969665327,
                0.07942632185229305, -0.037615424743574245,
                0.009903882343021822, 0.99952007283161715,
                0.029351952596281216, -0.021207892550760405,
                -0.0797465618714676, -0.028470398554965349,
                0.99640851174395417, -0.065828199325137407, 0.0, 0.0,
                0.0, 1.0 ]
        },
        {
            "type_id": "opencv-matrix",
            "rows": 4,
            "cols": 4,
            "dt": "d",
            "data": [ 0.99999329347595212, -0.00049221379305383508,
                0.0036291498591571581, -0.0037111664570215258,
                0.00050344063918148765, 0.99999508914757551,
                -0.0030932552845336597, 0.0014931570648920648,
                -0.00362760949402129, 0.0030950616010674867,
