{
    "TotalTransformation": [
        {
            "timestamp": 1740842472.027657,
            "matrix": {
                "type_id": "opencv-matrix",
                "rows": 4,
                "cols": 4,
                "dt": "f",
                "data": [ 1.0, 0.0, 0.0, 0.0, 0.0, 1.0, 0.0, 0.0, 0.0,
                    0.0, 1.0, 0.0, 0.0, 0.0, 0.0, 1.0 ]
            }
        },
        {
            "timestamp": 1740842472.134886,
            "matrix": {
                "type_id": "opencv-matrix",
                "rows": 4,
                "cols": 4,
                "dt": "f",
                "data": [ 0.999989748, -0.00170659286, 0.00420066202,
                    -0.00382093014, 0.00170888333, 0.999998391,
                    -0.00054173544, -0.000940584694, -0.0041997307,
                    0.000548908312, 0.999991059, -0.00654705893, 0.0,
                    0.0, 0.0, 1.0 ]
            }
        },
        {
            "timestamp": 1740842472.367099,
            "matrix": {
                "type_id": "opencv-matrix",
                "rows": 4,
                "cols": 4,
                "dt": "f",
                "data": [ 0.999992728, 8.75894621e-05, 0.00381165161,
                    -0.000291975215, -8.21801877e-05, 0.999998987,
                    -0.00141926494, -0.00138698646, -0.00381177221,
                    0.00141894142, 0.999991715, -0.000730547588, 0.0,
                    0.0, 0.0, 1.0 ]
            }
        },
        {
            "timestamp": 1740842472.5816691,
            "matrix": {
                "type_id": "opencv-matrix",
                "rows": 4,
                "cols": 4,
                "dt": "f",
                "data": [ 0.999971032, -0.004282651, 0.00628385739,
                    -0.00140716147, 0.00431795232, 0.999974906,
                    -0.00561498431, -0.00162411178, -0.00625965325,
                    0.00564195542, 0.999964476, -0.00169737986, 0.0, 0.0,
                    0.0, 1.0 ]
            }
        },
        {
            "timestamp": 1740842472.9292109,
            "matrix": {
                "type_id": "opencv-matrix",
                "rows": 4,
                "cols": 4,
                "dt": "f",
                "data": [ 0.999967515, 0.00132808299, 0.00795073248,
                    -0.000805614516, -0.00130548875, 0.999995112,
                    -0.00284622773, -0.00170053169, -0.00795447454,
                    0.00283575617, 0.999964297, -0.000929125992, 0.0,
                    0.0, 0.0, 1.0 ]
            }
        },
        {
            "timestamp": 1740842473.1343069,
            "matrix": {
                "type_id": "opencv-matrix",
                "rows": 4,
                "cols": 4,
                "dt": "f",
                "data": [ 0.999903679, -0.00733023742, 0.0117824171,
                    -0.000642349303, 0.00735848816, 0.999970198,
                    -0.00235604844, -0.0022926731, -0.0117647955,
                    0.00244252291, 0.999927759, -0.000416344847, 0.0,
                    0.0, 0.0, 1.0 ]
            }
        },
        {
            "timestamp": 1740842473.3031189,
            "matrix": {
                "type_id": "opencv-matrix",
                "rows": 4,
                "cols": 4,
                "dt": "f",
                "data": [ 0.999945939, -0.00142119313, 0.010292517,
                    0.00275621423, 0.00143387343, 0.999998271,
                    -0.00122467638, -0.00146464282, -0.0102907578,
                    0.00123936916, 0.999946237, 0.00671537593, 0.0, 0.0,
                    0.0, 1.0 ]
            }
        },
        {
            "timestamp": 1740842473.4920809,
            "matrix": {
                "type_id": "opencv-matrix",
                "rows": 4,
                "cols": 4,
                "dt": "f",
                "data": [ 0.999883175, -0.00306328107, 0.0149717843,
                    0.0016061347, 0.00304479012, 0.999994636,
                    0.00125771377, -0.00196055602, -0.0149755543,
                    -0.00121197989, 0.999887109, 0.00466145715, 0.0, 0.0,
                    0.0, 1.0 ]
            }
        },
        {
            "timestamp": 1740842473.6783659,
            "matrix": {
                "type_id": "opencv-matrix",
                "rows": 4,
                "cols": 4,
                "dt": "f",
                "data": [ 0.999873757, -0.00884597283, 0.0131936325,
                    0.000756557798, 0.00878470484, 0.999950409,
                    0.00469457963, -0.00299070124, -0.0132345045,
                    -0.00457808375, 0.999901891, 0.00225390843, 0.0, 0.0,
                    0.0, 1.0 ]
            }
        },
        {
            "timestamp": 1740842473.8598671,
            "matrix": {
                "type_id": "opencv-matrix",
                "rows": 4,
                "cols": 4,
                "dt": "f",
                "data": [ 0.999894977, -0.00686630467, 0.0127585214,
                    -0.000193201005, 0.00678670546, 0.999957323,
                    0.00627182471, -0.00227747858, -0.012801039,
                    -0.00618457608, 0.999898911, -0.00107803661, 0.0,
                    0.0, 0.0, 1.0 ]
            }
        },
        {
            "timestamp": 1740842474.046144,
            "matrix": {
                "type_id": "opencv-matrix",
                "rows": 4,
                "cols": 4,
                "dt": "f",
                "data": [ 0.999896884, -0.00979569834, 0.0104976231,
                    -4.58547875e-05, 0.00973528065, 0.999935865,
                    0.0057912292, -0.00154517521, -0.0105536776,
                    -0.00568843307, 0.999928117, 0.000354963355, 0.0,
                    0.0, 0.0, 1.0 ]
            }
        },
        {
            "timestamp": 1740842474.2190821,
            "matrix": {
                "type_id": "opencv-matrix",
                "rows": 4,
                "cols": 4,
                "dt": "f",
                "data": [ 0.999887288, -0.0121436212, 0.00882538594,
                    -0.000332056778, 0.012108665, 0.999918699,
                    0.0040037767, -0.00125448219, -0.00887328759,
                    -0.00389646017, 0.999953032, 0.000676594675, 0.0,
                    0.0, 0.0, 1.0 ]
            }
        },
        {
            "timestamp": 1740842474.3861549,
            "matrix": {
                "type_id": "opencv-matrix",
                "rows": 4,
                "cols": 4,
                "dt": "f",
                "data": [ 0.999958456, -0.00574806845, 0.00707416423,
                    -0.000177311769, 0.00571697345, 0.999973953,
                    0.00440812903, -0.00147524802, -0.00709931785,
                    -0.00436750147, 0.99996525, 0.00167962245, 0.0, 0.0,
                    0.0, 1.0 ]
            }
        },
        {
            "timestamp": 1740842474.5459349,
            "matrix": {
                "type_id": "opencv-matrix",
                "rows": 4,
                "cols": 4,
                "dt": "f",
                "data": [ 0.999854505, -0.00884335209, 0.0145864086,
                    -0.00107167824, 0.00874332897, 0.999937952,
                    0.00690692803, -0.000775876804, -0.0146465832,
                    -0.00677838782, 0.999869764, 0.000891200965, 0.0,
                    0.0, 0.0, 1.0 ]
            }
        },
        {
            "timestamp": 1740842474.731082,
            "matrix": {
                "type_id": "opencv-matrix",
                "rows": 4,
                "cols": 4,
                "dt": "f",
                "data": [ 0.99978739, -0.0129267266, 0.0160673875,
                    0.00260975375, 0.0128577743, 0.999907672,
                    0.00438739453, -0.00134208333, -0.0161226187,
                    -0.00417986978, 0.9998613, 0.00628374051, 0.0, 0.0,
                    0.0, 1.0 ]
            }
        },
        {
            "timestamp": 1740842474.9365709,
            "matrix": {
                "type_id": "opencv-matrix",
