{
    "TotalTransformation": [
        {
            "timestamp": 1740754814.7000539,
            "matrix": {
                "type_id": "opencv-matrix",
                "rows": 4,
                "cols": 4,
                "dt": "f",
                "data": [ 1.0, 0.0, 0.0, 0.0, 0.0, 1.0, 0.0, 0.0, 0.0,
                    0.0, 1.0, 0.0, 0.0, 0.0, 0.0, 1.0 ]
            }
        },
        {
            "timestamp": 1740754814.8987579,
            "matrix": {
                "type_id": "opencv-matrix",
                "rows": 4,
                "cols": 4,
                "dt": "f",
                "data": [ 0.999993443, -0.00215569721, 0.00290125422,
                    0.000467896811, 0.00215543201, 0.999997675,
                    9.45042557e-05, 0.00219702604, -0.0029014512,
                    -8.82501845e-05, 0.999995768, -0.00130449282, 0.0,
                    0.0, 0.0, 1.0 ]
            }
        },
        {
            "timestamp": 1740754815.0582399,
            "matrix": {
                "type_id": "opencv-matrix",
                "rows": 4,
                "cols": 4,
                "dt": "f",
                "data": [ 0.999950051, -0.00564526673, -0.00824285578,
                    -0.00305733643, 0.00565802911, 0.999982834,
                    0.00152578217, 0.00604527257, 0.00823409948,
                    -0.00157234422, 0.999964833, -0.0077223042, 0.0, 0.0,
                    0.0, 1.0 ]
            }
        },
        {
            "timestamp": 1740754815.2622471,
            "matrix": {
                "type_id": "opencv-matrix",
                "rows": 4,
                "cols": 4,
                "dt": "f",
                "data": [ 0.999888361, 0.00112413568, -0.0148956869,
                    -0.00492949178, -0.00104921346, 0.999986768,
                    0.00503665721, 0.0024836068, 0.0149011509,
                    -0.00502046663, 0.99987632, -0.00747981062, 0.0, 0.0,
                    0.0, 1.0 ]
            }
        },
        {
            "timestamp": 1740754815.6520269,
            "matrix": {
                "type_id": "opencv-matrix",
                "rows": 4,
                "cols": 4,
                "dt": "f",
                "data": [ 0.999883235, 0.0020932667, -0.015132376,
                    -0.00574058061, -0.00198422698, 0.999972045,
                    0.00721715158, 0.00263810647, 0.0151470574,
                    -0.00718628336, 0.999859452, -0.00608168822, 0.0,
                    0.0, 0.0, 1.0 ]
            }
        },
        {
            "timestamp": 1740754815.9282169,
            "matrix": {
                "type_id": "opencv-matrix",
                "rows": 4,
                "cols": 4,
                "dt": "f",
                "data": [ 0.999968767, 0.00131670944, -0.00778945442,
                    -0.00606068969, -0.00124712731, 0.999959409,
                    0.00893097091, 0.00267628883, 0.00780089479,
                    -0.00892097782, 0.999929786, -0.00555552449, 0.0,
                    0.0, 0.0, 1.0 ]
            }
        },
        {
            "timestamp": 1740754816.160588,
            "matrix": {
                "type_id": "opencv-matrix",
                "rows": 4,
                "cols": 4,
                "dt": "f",
                "data": [ 0.999985397, 0.00235671201, -0.00485758856,
                    -0.00465817004, -0.00231159991, 0.999954402,
                    0.00927177072, 0.00434239907, 0.0048792148,
                    -0.00926040579, 0.999945223, -0.00387281785, 0.0,
                    0.0, 0.0, 1.0 ]
            }
        },
        {
            "timestamp": 1740754816.472892,
            "matrix": {
                "type_id": "opencv-matrix",
                "rows": 4,
                "cols": 4,
                "dt": "f",
                "data": [ 0.999994159, 0.0026645402, -0.00211905083,
                    -0.00310074445, -0.00264373235, 0.999948919,
                    0.00976252742, 0.00338206673, 0.0021449523,
                    -0.00975686777, 0.999950111, -0.003585472, 0.0, 0.0,
                    0.0, 1.0 ]
            }
        },
        {
            "timestamp": 1740754816.773164,
            "matrix": {
                "type_id": "opencv-matrix",
                "rows": 4,
                "cols": 4,
                "dt": "f",
                "data": [ 0.999993682, 0.00222004554, -0.00277743628,
                    -0.00305718207, -0.00219860091, 0.999968052,
                    0.00770045677, 0.00376363168, 0.00279443967,
                    -0.00769430166, 0.999966502, -0.00363183417, 0.0,
                    0.0, 0.0, 1.0 ]
            }
        },
        {
            "timestamp": 1740754817.0618601,
            "matrix": {
                "type_id": "opencv-matrix",
                "rows": 4,
                "cols": 4,
                "dt": "f",
                "data": [ 0.999992669, 0.00113588828, -0.00366603606,
                    -0.0041831769, -0.00111414946, 0.99998194,
                    0.00592638645, 0.00194637664, 0.00367269805,
                    -0.00592225837, 0.999975741, -0.00373510388, 0.0,
                    0.0, 0.0, 1.0 ]
            }
        },
        {
            "timestamp": 1740754817.3456659,
            "matrix": {
                "type_id": "opencv-matrix",
                "rows": 4,
                "cols": 4,
                "dt": "f",
                "data": [ 0.999974608, 0.0032486741, -0.00635213451,
                    -0.00524063176, -0.00320885563, 0.999975383,
                    0.00626868941, 9.11006937e-05, 0.00637233909,
                    -0.00624814676, 0.999960184, -0.00445439294, 0.0,
                    0.0, 0.0, 1.0 ]
            }
        },
        {
            "timestamp": 1740754817.622921,
            "matrix": {
                "type_id": "opencv-matrix",
                "rows": 4,
                "cols": 4,
                "dt": "f",
                "data": [ 0.999865294, 0.00558433356, -0.015438444,
                    -0.00867570844, -0.00556010427, 0.99998343,
                    0.00161188981, 0.00163116353, 0.0154471835,
                    -0.00152583444, 0.999879479, -0.00967470184, 0.0,
                    0.0, 0.0, 1.0 ]
            }
        },
        {
            "timestamp": 1740754817.873096,
            "matrix": {
                "type_id": "opencv-matrix",
                "rows": 4,
                "cols": 4,
                "dt": "f",
                "data": [ 0.999773622, 0.00897666533, -0.0192967504,
                    -0.010693918, -0.00890606269, 0.999953508,
                    0.0037416378, -0.000674905023, 0.0193294343,
                    -0.00356893288, 0.999806762, -0.00963440165, 0.0,
                    0.0, 0.0, 1.0 ]
            }
        },
        {
            "timestamp": 1740754818.1635849,
            "matrix": {
                "type_id": "opencv-matrix",
                "rows": 4,
                "cols": 4,
                "dt": "f",
                "data": [ 0.999712586, 0.00823746249, -0.0225189012,
                    -0.0121530639, -0.00813513808, 0.999956369,
                    0.00463175541, 0.00153302192, 0.0225560665,
                    -0.00444723014, 0.999735653, -0.0123853339, 0.0, 0.0,
                    0.0, 1.0 ]
            }
        },
        {
            "timestamp": 1740754818.448149,
            "matrix": {
                "type_id": "opencv-matrix",
                "rows": 4,
                "cols": 4,
                "dt": "f",
                "data": [ 0.999675572, 0.0104416078, -0.0232361201,
                    -0.0120296786, -0.0101940865, 0.999890447,
                    0.0107455058, 0.000779785798, 0.0233457685,
                    -0.0105051463, 0.999672234, -0.0119020874, 0.0, 0.0,
                    0.0, 1.0 ]
            }
        },
        {
            "timestamp": 1740754818.7023661,
            "matrix": {
                "type_id": "opencv-matrix",
                "rows": 4,
                "cols": 4,
                "dt": "f",
                "data": [ 0.999736667, 0.00793833379, -0.0215329994,
                    -0.0125639103, -0.00775009068, 0.999931276,
                    0.0088114813, 0.00105936721, 0.0216014627,
                    -0.00864227675, 0.999729276, -0.0109938681, 0.0, 0.0,
                    0.0, 1.0 ]
            }
        },
        {
            "timestamp": 1740754818.961978,
            "matrix": {
                "type_id": "opencv-matrix",
                "rows": 4,
                "cols": 4,
                "dt": "f",
                "data": [ 0.998838782, 0.0114119677, -0.046807576,
                    -0.027613759, -0.011020923, 0.999902368,
                    0.00860389136, 0.00139322714, 0.0469011813,
                    -0.00807803497, 0.998866856, -0.0264576934, 0.0, 0.0,
                    0.0, 1.0 ]
            }
        },
        {
            "timestamp": 1740754819.2149839,
            "matrix": {
                "type_id": "opencv-matrix",
                "rows": 4,
                "cols": 4,
                "dt": "f",
                "data": [ 0.998895645, 0.0112772621, -0.0456115343,
                    -0.0275832713, -0.0108787874, 0.999900699,
                    0.0089750858, 0.0010100574, 0.0457082056,
                    -0.00846897252, 0.998918951, -0.0257742833, 0.0, 0.0,
                    0.0, 1.0 ]
            }
        },
        {
            "timestamp": 1740754819.507261,
            "matrix": {
                "type_id": "opencv-matrix",
                "rows": 4,
                "cols": 4,
                "dt": "f",
                "data": [ 0.999071598, 0.00730448728, -0.0424590223,
                    -0.0270751137, -0.00694615999, 0.999939203,
                    0.00858077314, 0.00245216396, 0.0425191075,
                    -0.0082778763, 0.999061346, -0.0244697761, 0.0, 0.0,
                    0.0, 1.0 ]
            }
        },
        {
            "timestamp": 1740754819.7611251,
            "matrix": {
                "type_id": "opencv-matrix",
                "rows": 4,
                "cols": 4,
                "dt": "f",
                "data": [ 0.998009622, 0.0118976478, -0.0619309843,
                    -0.0323818251, -0.0111961206, 0.999869406,
                    0.0116623035, 0.00230711862, 0.0620616376,
                    -0.0109457001, 0.998012304, -0.0327379107, 0.0, 0.0,
                    0.0, 1.0 ]
            }
        },
        {
            "timestamp": 1740754820.02263,
            "matrix": {
                "type_id": "opencv-matrix",
                "rows": 4,
                "cols": 4,
                "dt": "f",
                "data": [ 0.998179018, 0.00965347514, -0.059546724,
                    -0.031438753, -0.0090024313, 0.999896944,
                    0.0111919399, 0.00259336946, 0.0596486144,
                    -0.0106354896, 0.998162746, -0.0316446424, 0.0, 0.0,
                    0.0, 1.0 ]
            }
        },
        {
            "timestamp": 1740754820.290345,
            "matrix": {
                "type_id": "opencv-matrix",
                "rows": 4,
                "cols": 4,
                "dt": "f",
                "data": [ 0.998423517, 0.00881987624, -0.0554349013,
                    -0.0297388323, -0.00811134558, 0.999882758,
                    0.0129933506, 0.00292797876, 0.0555429868,
                    -0.0125232097, 0.99837774, -0.0294416845, 0.0, 0.0,
                    0.0, 1.0 ]
            }
        },
        {
            "timestamp": 1740754820.5948279,
            "matrix": {
                "type_id": "opencv-matrix",
                "rows": 4,
                "cols": 4,
                "dt": "f",
                "data": [ 0.998719335, 0.00844563358, -0.049886927,
                    -0.027752215, -0.00776851177, 0.999875307,
                    0.0137514872, 0.00276409602, 0.0499968342,
                    -0.0133463228, 0.998660147, -0.0263016559, 0.0, 0.0,
                    0.0, 1.0 ]
            }
        },
        {
            "timestamp": 1740754820.8549769,
            "matrix": {
                "type_id": "opencv-matrix",
                "rows": 4,
                "cols": 4,
                "dt": "f",
                "data": [ 0.998519599, 0.00884154905, -0.0536719486,
                    -0.0299267787, -0.00818075053, 0.999888241,
                    0.0125190597, 0.00312015624, 0.0537766218,
                    -0.0120614441, 0.998480082, -0.0272507016, 0.0, 0.0,
                    0.0, 1.0 ]
            }
        },
        {
            "timestamp": 1740754821.1380241,
            "matrix": {
                "type_id": "opencv-matrix",
                "rows": 4,
                "cols": 4,
                "dt": "f",
                "data": [ 0.998783171, 0.0114458017, -0.0479728542,
                    -0.0275039226, -0.0107833343, 0.999843299,
                    0.0140453596, 0.00182149012, 0.0481260829,
                    -0.0135109546, 0.998749793, -0.0254704151, 0.0, 0.0,
                    0.0, 1.0 ]
            }
        },
        {
            "timestamp": 1740754821.4646771,
            "matrix": {
                "type_id": "opencv-matrix",
                "rows": 4,
                "cols": 4,
                "dt": "f",
                "data": [ 0.998799026, 0.00992907211, -0.0479810499,
                    -0.0269960873, -0.00937371887, 0.999886692,
                    0.0117856171, 0.00239525386, 0.0480926186,
                    -0.0113216946, 0.998778582, -0.0250925869, 0.0, 0.0,
                    0.0, 1.0 ]
            }
        }
    ]
}
