{
    "TotalRotation": [
        {
            "type_id": "opencv-matrix",
            "rows": 4,
            "cols": 4,
            "dt": "f",
            "data": [ 0.999997556, -0.000333847333, -0.00217262376,
                -0.00135610183, 0.000319032406, 0.999976695,
                -0.00681567751, -0.000142472083, 0.00217484869,
                0.00681496831, 0.99997443, -0.0012819682, 0.0, 0.0, 0.0,
                1.0 ]
        },
        {
            "type_id": "opencv-matrix",
            "rows": 4,
            "cols": 4,
            "dt": "f",
            "data": [ 0.999996483, 0.00121859438, -0.00235076086,
                -0.000698134711, -0.00124707946, 0.999925375,
                -0.0121542001, -0.00120011461, 0.00233577448,
                0.0121570891, 0.999923348, -0.000383837149, 0.0, 0.0,
                0.0, 1.0 ]
        },
        {
            "type_id": "opencv-matrix",
            "rows": 4,
            "cols": 4,
            "dt": "f",
            "data": [ 0.999991775, 0.00185378827, -0.00360144046,
                -0.000100258898, -0.00188071292, 0.999970198,
                -0.00748714758, -0.00188642088, 0.00358745339,
                0.00749385916, 0.999965489, 0.00165403902, 0.0, 0.0, 0.0,
                1.0 ]
        },
        {
            "type_id": "opencv-matrix",
            "rows": 4,
            "cols": 4,
            "dt": "f",
            "data": [ 0.999993324, 0.00186872506, 0.00313716661,
                -0.000200926996, -0.00186016574, 0.999994516,
                -0.00272907037, 0.000669847941, -0.0031422493,
                0.00272321654, 0.999991357, -0.00171963184, 0.0, 0.0,
                0.0, 1.0 ]
        },
        {
            "type_id": "opencv-matrix",
            "rows": 4,
            "cols": 4,
            "dt": "f",
            "data": [ 0.999993682, 0.00295657804, -0.00197034283,
                -0.0002446828, -0.00296433386, 0.999987841,
                -0.00394503912, 0.00143608719, 0.00195865496,
                0.00395085476, 0.999990284, -0.00311195105, 0.0, 0.0,
                0.0, 1.0 ]
        },
        {
            "type_id": "opencv-matrix",
            "rows": 4,
            "cols": 4,
            "dt": "f",
            "data": [ 0.999976873, -0.00553757092, 0.00394239882,
                0.000745482626, 0.00549765816, 0.999934256, 0.0100637786,
                -0.000279833708, -0.00399786886, -0.010041872,
                0.999941587, 0.00156697945, 0.0, 0.0, 0.0, 1.0 ]
        },
        {
            "type_id": "opencv-matrix",
            "rows": 4,
            "cols": 4,
            "dt": "f",
            "data": [ 0.999995887, -0.00241218624, -0.00155996892,
                -0.000461418211, 0.00241988408, 0.999984801,
                0.00495171687, 2.59646617e-06, 0.00154800073,
                -0.00495547149, 0.999986529, -0.000298453117, 0.0, 0.0,
                0.0, 1.0 ]
        },
        {
            "type_id": "opencv-matrix",
            "rows": 4,
            "cols": 4,
            "dt": "f",
            "data": [ 0.999989808, 0.000117206095, -0.00451621879,
                -0.00155674643, -0.000120647157, 0.999999702,
                -0.000761669537, -0.0010536405, 0.00451612845,
                0.000762206619, 0.99998951, -0.000562851841, 0.0, 0.0,
                0.0, 1.0 ]
        },
        {
            "type_id": "opencv-matrix",
            "rows": 4,
            "cols": 4,
            "dt": "f",
            "data": [ 0.999991655, -0.000688476546, -0.00401946763,
                0.000341922307, 0.000692341127, 0.999999285,
                0.000960150617, 6.87114298e-05, 0.00401880406,
                -0.000962925493, 0.999991477, -0.00137089286, 0.0, 0.0,
                0.0, 1.0 ]
        },
        {
            "type_id": "opencv-matrix",
            "rows": 4,
            "cols": 4,
            "dt": "f",
            "data": [ 0.999998987, 0.00137280149, -0.000387205684,
                -3.87238797e-05, -0.00137473468, 0.999986351,
                -0.005037311, 0.00130016357, 0.000380285172,
                0.00503783813, 0.999987245, -0.000969110464, 0.0, 0.0,
                0.0, 1.0 ]
        },
        {
            "type_id": "opencv-matrix",
            "rows": 4,
            "cols": 4,
            "dt": "f",
            "data": [ 0.999977529, -0.00255741435, -0.00619749865,
                -0.00265078968, 0.0025752401, 0.999992549, 0.00287003699,
                -0.000882306893, 0.00619011279, -0.00288593234,
                0.999976695, -0.00108211464, 0.0, 0.0, 0.0, 1.0 ]
        },
        {
            "type_id": "opencv-matrix",
            "rows": 4,
            "cols": 4,
            "dt": "f",
            "data": [ 0.999995112, 0.000867035997, -0.00301112188,
                -2.03636882e-05, -0.000855845341, 0.999992728,
                0.00371573144, -0.000344596017, 0.00301432167,
                -0.00371313607, 0.999988556, -0.000952409639, 0.0, 0.0,
                0.0, 1.0 ]
        },
        {
            "type_id": "opencv-matrix",
            "rows": 4,
            "cols": 4,
            "dt": "f",
            "data": [ 0.999997795, 0.00138309656, -0.00158708065,
                5.65214687e-05, -0.00138261612, 0.999998987,
                0.000303768145, -0.000121612124, 0.00158749917,
                -0.000301573164, 0.999998689, -0.000489518279, 0.0, 0.0,
                0.0, 1.0 ]
        },
        {
            "type_id": "opencv-matrix",
            "rows": 4,
            "cols": 4,
            "dt": "f",
            "data": [ 0.999998629, -0.000377393066, -0.00161411159,
                -0.00138385117, 0.000374962052, 0.999998808,
                -0.00150614406, 0.000537079177, 0.00161467807,
                0.00150553684, 0.999997556, -0.0016159612, 0.0, 0.0, 0.0,
                1.0 ]
        },
        {
            "type_id": "opencv-matrix",
            "rows": 4,
            "cols": 4,
            "dt": "f",
            "data": [ 0.999999046, -1.27615813e-05, -0.0013788084,
                0.000183899698, 1.86843099e-05, 0.999990761,
                0.00429561501, -0.000108091022, 0.00137874088,
                -0.00429563643, 0.999989808, 0.000413709815, 0.0, 0.0,
                0.0, 1.0 ]
        },
        {
            "type_id": "opencv-matrix",
            "rows": 4,
            "cols": 4,
            "dt": "f",
            "data": [ 0.999987781, 0.00165928889, -0.00465580309,
                -0.000539306493, -0.00165835756, 0.999998629,
                0.000203872725, -0.000969086774, 0.0046561351,
                -0.000196149238, 0.999989152, -0.000267287105, 0.0, 0.0,
                0.0, 1.0 ]
        },
        {
            "type_id": "opencv-matrix",
            "rows": 4,
            "cols": 4,
            "dt": "f",
            "data": [ 0.999985754, 0.00125984463, -0.00518976199,
                0.000367904518, -0.00127144402, 0.999996722,
                -0.00223236112, -0.000501215225, 0.00518693263,
                0.00223892764, 0.999984026, -0.00240696012, 0.0, 0.0,
                0.0, 1.0 ]
        },
        {
            "type_id": "opencv-matrix",
            "rows": 4,
            "cols": 4,
            "dt": "f",
            "data": [ 0.99999994, 0.000248024124, 0.000324645924,
                -0.000545111252, -0.000248754048, 0.999997437,
                0.0022502197, 0.000256243977, -0.000324086985,
                -0.00225030025, 0.999997437, -0.000954197778, 0.0, 0.0,
                0.0, 1.0 ]
        },
        {
            "type_id": "opencv-matrix",
            "rows": 4,
            "cols": 4,
            "dt": "f",
            "data": [ 0.999986589, 0.000691567664, -0.00512720877,
                6.79870136e-05, -0.000687639462, 0.999999464,
                0.00076787069, -0.000687165186, 0.0051277373,
                -0.000764334749, 0.999986589, -0.000844598108, 0.0, 0.0,
                0.0, 1.0 ]
        },
        {
            "type_id": "opencv-matrix",
