{
    "TotalRotation": [
        {
            "type_id": "opencv-matrix",
            "rows": 3,
            "cols": 3,
            "dt": "d",
            "data": [ 0.99993846247107354, -0.0099666703191644834,
                -0.0048720379446846665, 0.010081643826961077,
                0.99965695255872733, 0.02417307714679174,
                0.0046294415140121434, -0.02422070774662733,
                0.99969591656039125 ]
        },
        {
            "type_id": "opencv-matrix",
            "rows": 3,
            "cols": 3,
            "dt": "d",
            "data": [ 0.99993846247107354, -0.0099666703191644834,
                -0.0048720379446846665, 0.010081643826961077,
                0.99965695255872733, 0.02417307714679174,
                0.0046294415140121434, -0.02422070774662733,
                0.99969591656039125 ]
        },
        {
            "type_id": "opencv-matrix",
            "rows": 3,
            "cols": 3,
            "dt": "d",
            "data": [ 0.99993846247107354, -0.0099666703191644834,
                -0.0048720379446846665, 0.010081643826961077,
                0.99965695255872733, 0.02417307714679174,
                0.0046294415140121434, -0.02422070774662733,
                0.99969591656039125 ]
        },
        {
            "type_id": "opencv-matrix",
            "rows": 3,
            "cols": 3,
            "dt": "d",
            "data": [ 0.99993846247107354, -0.0099666703191644834,
                -0.0048720379446846665, 0.010081643826961077,
                0.99965695255872733, 0.02417307714679174,
                0.0046294415140121434, -0.02422070774662733,
                0.99969591656039125 ]
        },
        {
            "type_id": "opencv-matrix",
            "rows": 3,
            "cols": 3,
            "dt": "d",
            "data": [ 0.99993846247107354, -0.0099666703191644834,
                -0.0048720379446846665, 0.010081643826961077,
                0.99965695255872733, 0.02417307714679174,
                0.0046294415140121434, -0.02422070774662733,
                0.99969591656039125 ]
        },
        {
            "type_id": "opencv-matrix",
            "rows": 3,
            "cols": 3,
            "dt": "d",
            "data": [ 0.99993846247107354, -0.0099666703191644834,
                -0.0048720379446846665, 0.010081643826961077,
                0.99965695255872733, 0.02417307714679174,
                0.0046294415140121434, -0.02422070774662733,
                0.99969591656039125 ]
        },
        {
            "type_id": "opencv-matrix",
            "rows": 3,
            "cols": 3,
            "dt": "d",
            "data": [ 0.99993846247107354, -0.0099666703191644834,
                -0.0048720379446846665, 0.010081643826961077,
                0.99965695255872733, 0.02417307714679174,
                0.0046294415140121434, -0.02422070774662733,
                0.99969591656039125 ]
        },
        {
            "type_id": "opencv-matrix",
            "rows": 3,
            "cols": 3,
            "dt": "d",
            "data": [ 0.99993846247107354, -0.0099666703191644834,
                -0.0048720379446846665, 0.010081643826961077,
                0.99965695255872733, 0.02417307714679174,
                0.0046294415140121434, -0.02422070774662733,
                0.99969591656039125 ]
        },
        {
            "type_id": "opencv-matrix",
            "rows": 3,
            "cols": 3,
            "dt": "d",
            "data": [ 0.99993846247107354, -0.0099666703191644834,
                -0.0048720379446846665, 0.010081643826961077,
                0.99965695255872733, 0.02417307714679174,
                0.0046294415140121434, -0.02422070774662733,
                0.99969591656039125 ]
        },
        {
            "type_id": "opencv-matrix",
            "rows": 3,
            "cols": 3,
            "dt": "d",
            "data": [ 0.99993846247107354, -0.0099666703191644834,
                -0.0048720379446846665, 0.010081643826961077,
                0.99965695255872733, 0.02417307714679174,
                0.0046294415140121434, -0.02422070774662733,
                0.99969591656039125 ]
        },
        {
            "type_id": "opencv-matrix",
            "rows": 3,
            "cols": 3,
            "dt": "d",
            "data": [ 0.99993846247107354, -0.0099666703191644834,
                -0.0048720379446846665, 0.010081643826961077,
                0.99965695255872733, 0.02417307714679174,
                0.0046294415140121434, -0.02422070774662733,
                0.99969591656039125 ]
        },
        {
            "type_id": "opencv-matrix",
            "rows": 3,
            "cols": 3,
            "dt": "d",
            "data": [ 0.99993846247107354, -0.0099666703191644834,
                -0.0048720379446846665, 0.010081643826961077,
                0.99965695255872733, 0.02417307714679174,
                0.0046294415140121434, -0.02422070774662733,
                0.99969591656039125 ]
        },
        {
            "type_id": "opencv-matrix",
            "rows": 3,
            "cols": 3,
            "dt": "d",
            "data": [ 0.99993846247107354, -0.0099666703191644834,
                -0.0048720379446846665, 0.010081643826961077,
                0.99965695255872733, 0.02417307714679174,
                0.0046294415140121434, -0.02422070774662733,
                0.99969591656039125 ]
        },
        {
            "type_id": "opencv-matrix",
            "rows": 3,
            "cols": 3,
            "dt": "d",
            "data": [ 0.99993846247107354, -0.0099666703191644834,
                -0.0048720379446846665, 0.010081643826961077,
                0.99965695255872733, 0.02417307714679174,
                0.0046294415140121434, -0.02422070774662733,
                0.99969591656039125 ]
        },
        {
            "type_id": "opencv-matrix",
            "rows": 3,
            "cols": 3,
            "dt": "d",
            "data": [ 0.99993846247107354, -0.0099666703191644834,
                -0.0048720379446846665, 0.010081643826961077,
                0.99965695255872733, 0.02417307714679174,
                0.0046294415140121434, -0.02422070774662733,
                0.99969591656039125 ]
        },
        {
            "type_id": "opencv-matrix",
            "rows": 3,
            "cols": 3,
            "dt": "d",
            "data": [ 0.99993846247107354, -0.0099666703191644834,
                -0.0048720379446846665, 0.010081643826961077,
                0.99965695255872733, 0.02417307714679174,
                0.0046294415140121434, -0.02422070774662733,
                0.99969591656039125 ]
        },
        {
            "type_id": "opencv-matrix",
            "rows": 3,
            "cols": 3,
            "dt": "d",
            "data": [ 0.99993846247107354, -0.0099666703191644834,
                -0.0048720379446846665, 0.010081643826961077,
                0.99965695255872733, 0.02417307714679174,
                0.0046294415140121434, -0.02422070774662733,
                0.99969591656039125 ]
        },
        {
            "type_id": "opencv-matrix",
            "rows": 3,
            "cols": 3,
            "dt": "d",
            "data": [ 0.99993846247107354, -0.0099666703191644834,
                -0.0048720379446846665, 0.010081643826961077,
                0.99965695255872733, 0.02417307714679174,
                0.0046294415140121434, -0.02422070774662733,
                0.99969591656039125 ]
        },
        {
            "type_id": "opencv-matrix",
            "rows": 3,
            "cols": 3,
            "dt": "d",
            "data": [ 0.99993846247107354, -0.0099666703191644834,
                -0.0048720379446846665, 0.010081643826961077,
                0.99965695255872733, 0.02417307714679174,
                0.0046294415140121434, -0.02422070774662733,
                0.99969591656039125 ]
        },
        {
            "type_id": "opencv-matrix",
