{
    "TotalRotation": [
        {
            "type_id": "opencv-matrix",
            "rows": 4,
            "cols": 4,
            "dt": "f",
            "data": [ 1.0, 0.0, 0.0, 0.0, 0.0, 1.0, 0.0, 0.0, 0.0, 0.0,
                1.0, 0.0, 0.0, 0.0, 0.0, 1.0 ]
        },
        {
            "type_id": "opencv-matrix",
            "rows": 4,
            "cols": 4,
            "dt": "f",
            "data": [ 1.0, 0.0, 0.0, 0.0, 0.0, 1.0, 0.0, 0.0, 0.0, 0.0,
                1.0, 0.0, 0.0, 0.0, 0.0, 1.0 ]
        },
        {
            "type_id": "opencv-matrix",
            "rows": 4,
            "cols": 4,
            "dt": "f",
            "data": [ 1.0, 0.0, 0.0, 0.0, 0.0, 1.0, 0.0, 0.0, 0.0, 0.0,
                1.0, 0.0, 0.0, 0.0, 0.0, 1.0 ]
        },
        {
            "type_id": "opencv-matrix",
            "rows": 4,
            "cols": 4,
            "dt": "f",
            "data": [ 0.999999881, -0.000100940451, 0.0, -0.0116022341,
                0.000100940451, 0.999999881, 0.0, 0.028321499, 0.0, 0.0,
                1.0, 0.0, 0.0, 0.0, 0.0, 1.0 ]
        },
        {
            "type_id": "opencv-matrix",
            "rows": 4,
            "cols": 4,
            "dt": "f",
            "data": [ 0.999999762, 3.93092596e-05, 0.0, 0.00845527463,
                -3.93092596e-05, 0.999999762, 0.0, -0.00380551885, 0.0,
                0.0, 1.0, 0.0, 0.0, 0.0, 0.0, 1.0 ]
        },
        {
            "type_id": "opencv-matrix",
            "rows": 4,
            "cols": 4,
            "dt": "f",
            "data": [ 1.0, -2.67624855e-05, 0.0, -0.0112111568,
                2.67624855e-05, 1.0, 0.0, -0.000503541029, 0.0, 0.0, 1.0,
                0.0, 0.0, 0.0, 0.0, 1.0 ]
        },
        {
            "type_id": "opencv-matrix",
            "rows": 4,
            "cols": 4,
            "dt": "f",
            "data": [ 1.0, 2.57194079e-05, 0.0, -0.0113029489,
                -2.57194079e-05, 1.0, 0.0, 0.00989771076, 0.0, 0.0, 1.0,
                0.0, 0.0, 0.0, 0.0, 1.0 ]
        },
        {
            "type_id": "opencv-matrix",
            "rows": 4,
            "cols": 4,
            "dt": "f",
            "data": [ 0.999999642, -0.000176913993, 0.0, 0.0431752913,
                0.000176913993, 0.999999642, 0.0, 0.0315123014, 0.0, 0.0,
                1.0, 0.0, 0.0, 0.0, 0.0, 1.0 ]
        },
        {
            "type_id": "opencv-matrix",
            "rows": 4,
            "cols": 4,
            "dt": "f",
            "data": [ 1.0, 3.63588288e-06, 0.0, -0.00677490141,
                -3.63588288e-06, 1.0, 0.0, -0.00733947661, 0.0, 0.0, 1.0,
                0.0, 0.0, 0.0, 0.0, 1.0 ]
        },
        {
            "type_id": "opencv-matrix",
            "rows": 4,
            "cols": 4,
            "dt": "f",
            "data": [ 0.999999702, 0.000926915614, 0.0, -0.0169683415,
                -0.000926915556, 0.999999702, 0.0, 0.0290919617, 0.0,
                0.0, 1.0, 0.0, 0.0, 0.0, 0.0, 1.0 ]
        },
        {
            "type_id": "opencv-matrix",
            "rows": 4,
            "cols": 4,
            "dt": "f",
            "data": [ 1.0, -0.000405386148, 0.0, 0.00979614351,
                0.000405386148, 1.00000012, 0.0, -0.00434780167, 0.0,
                0.0, 1.0, 0.0, 0.0, 0.0, 0.0, 1.0 ]
        },
        {
            "type_id": "opencv-matrix",
            "rows": 4,
            "cols": 4,
            "dt": "f",
            "data": [ 1.00000012, -3.0208379e-05, 0.0, 0.0109321615,
                3.02083772e-05, 1.00000024, 0.0, 0.0217880681, 0.0, 0.0,
                1.0, 0.0, 0.0, 0.0, 0.0, 1.0 ]
        },
        {
            "type_id": "opencv-matrix",
            "rows": 4,
            "cols": 4,
            "dt": "f",
            "data": [ 1.0, -0.000309959054, 0.0, -0.00537554175,
                0.000309959054, 1.0, 0.0, 0.00866020657, 0.0, 0.0, 1.0,
                0.0, 0.0, 0.0, 0.0, 1.0 ]
        },
        {
            "type_id": "opencv-matrix",
            "rows": 4,
            "cols": 4,
            "dt": "f",
            "data": [ 0.99999994, 1.29640091e-06, 0.0, -0.0023193357,
                -1.29640091e-06, 0.99999994, 0.0, -0.00418090774, 0.0,
                0.0, 1.0, 0.0, 0.0, 0.0, 0.0, 1.0 ]
        },
        {
            "type_id": "opencv-matrix",
            "rows": 4,
            "cols": 4,
            "dt": "f",
            "data": [ 1.0, 1.23307109e-05, 0.0, 0.00143432617,
                -1.23307109e-05, 1.0, 0.0, -0.0242538452, 0.0, 0.0, 1.0,
                0.0, 0.0, 0.0, 0.0, 1.0 ]
        },
        {
            "type_id": "opencv-matrix",
            "rows": 4,
            "cols": 4,
            "dt": "f",
            "data": [ 0.999999762, 1.19209271e-05, 0.0, -0.0474396236,
                -1.1920928e-05, 0.999999762, 0.0, -0.00691207871, 0.0,
                0.0, 1.0, 0.0, 0.0, 0.0, 0.0, 1.0 ]
        },
        {
            "type_id": "opencv-matrix",
            "rows": 4,
            "cols": 4,
            "dt": "f",
            "data": [ 0.999999821, 9.46968703e-06, 0.0, 0.00158691383,
                -9.46968703e-06, 0.999999821, 0.0, -0.023376463, 0.0,
                0.0, 1.0, 0.0, 0.0, 0.0, 0.0, 1.0 ]
        },
        {
            "type_id": "opencv-matrix",
            "rows": 4,
            "cols": 4,
            "dt": "f",
            "data": [ 0.999999702, -1.72853452e-05, 0.0, -0.0419466831,
                1.72853433e-05, 0.999999702, 0.0, 0.064098224, 0.0, 0.0,
                1.0, 0.0, 0.0, 0.0, 0.0, 1.0 ]
        },
        {
            "type_id": "opencv-matrix",
            "rows": 4,
            "cols": 4,
            "dt": "f",
            "data": [ 1.0, -0.000108145177, 0.0, 0.000732421584,
                0.000108145177, 1.0, 0.0, -0.013633728, 0.0, 0.0, 1.0,
                0.0, 0.0, 0.0, 0.0, 1.0 ]
        },
        {
            "type_id": "opencv-matrix",
            "rows": 4,
            "cols": 4,
            "dt": "f",
            "data": [ 0.999999583, -1.15781977e-05, 0.0, 0.0186632816,
                1.15781986e-05, 0.999999583, 0.0, 0.0162964556, 0.0, 0.0,
                1.0, 0.0, 0.0, 0.0, 0.0, 1.0 ]
        },
        {
            "type_id": "opencv-matrix",
            "rows": 4,
            "cols": 4,
            "dt": "f",
            "data": [ 0.999999762, 0.000768415688, 0.0, 0.0182027128,
                -0.00076841563, 0.999999762, 0.0, -0.00648008939, 0.0,
                0.0, 1.0, 0.0, 0.0, 0.0, 0.0, 1.0 ]
        },
        {
            "type_id": "opencv-matrix",
            "rows": 4,
            "cols": 4,
            "dt": "f",
            "data": [ 0.999999404, 0.00126657903, 0.0, -0.0170286745,
                -0.00126657903, 0.999999404, 0.0, -0.0245734081, 0.0,
                0.0, 1.0, 0.0, 0.0, 0.0, 0.0, 1.0 ]
        },
        {
            "type_id": "opencv-matrix",
            "rows": 4,
            "cols": 4,
            "dt": "f",
            "data": [ 1.00000012, -5.30481339e-06, 0.0, -0.0126953125,
                5.30481339e-06, 1.00000012, 0.0, 0.0175476074, 0.0, 0.0,
                1.0, 0.0, 0.0, 0.0, 0.0, 1.0 ]
        },
        {
            "type_id": "opencv-matrix",
            "rows": 4,
            "cols": 4,
            "dt": "f",
            "data": [ 0.99999392, 0.00343691651, 0.0, 0.0411655866,
                -0.00343691651, 0.99999392, 0.0, -0.0214505233, 0.0, 0.0,
                1.0, 0.0, 0.0, 0.0, 0.0, 1.0 ]
        },
        {
            "type_id": "opencv-matrix",
            "rows": 4,
            "cols": 4,
            "dt": "f",
            "data": [ 0.999999821, -0.00046402213, 0.0, -0.011215209,
                0.00046402213, 0.999999821, 0.0, -0.0171375256, 0.0, 0.0,
                1.0, 0.0, 0.0, 0.0, 0.0, 1.0 ]
        },
        {
            "type_id": "opencv-matrix",
            "rows": 4,
            "cols": 4,
            "dt": "f",
            "data": [ 0.999999762, 8.91089348e-06, 0.0, 0.0147093926,
