{
    "TotalRotation": [
        {
            "type_id": "opencv-matrix",
            "rows": 3,
            "cols": 3,
            "dt": "d",
            "data": [ 0.99999987971922299, 0.00048956386919787203,
                -2.9812035932283264e-05, -0.00048885720071689741,
                0.99979350675613488, 0.020315138860164735,
                3.9751437931953172e-05, -0.020315121842815614,
                0.9997936258270177 ]
        },
        {
            "type_id": "opencv-matrix",
            "rows": 3,
            "cols": 3,
            "dt": "d",
            "data": [ 0.99999987971922299, 0.00048956386919787203,
                -2.9812035932283264e-05, -0.00048885720071689741,
                0.99979350675613488, 0.020315138860164735,
                3.9751437931953172e-05, -0.020315121842815614,
                0.9997936258270177 ]
        },
        {
            "type_id": "opencv-matrix",
            "rows": 3,
            "cols": 3,
            "dt": "d",
            "data": [ 0.99999987971922299, 0.00048956386919787203,
                -2.9812035932283264e-05, -0.00048885720071689741,
                0.99979350675613488, 0.020315138860164735,
                3.9751437931953172e-05, -0.020315121842815614,
                0.9997936258270177 ]
        },
        {
            "type_id": "opencv-matrix",
            "rows": 3,
            "cols": 3,
            "dt": "d",
            "data": [ 0.99999987971922299, 0.00048956386919787203,
                -2.9812035932283264e-05, -0.00048885720071689741,
                0.99979350675613488, 0.020315138860164735,
                3.9751437931953172e-05, -0.020315121842815614,
                0.9997936258270177 ]
        },
        {
            "type_id": "opencv-matrix",
            "rows": 3,
            "cols": 3,
            "dt": "d",
            "data": [ 0.99999987971922299, 0.00048956386919787203,
                -2.9812035932283264e-05, -0.00048885720071689741,
                0.99979350675613488, 0.020315138860164735,
                3.9751437931953172e-05, -0.020315121842815614,
                0.9997936258270177 ]
        },
        {
            "type_id": "opencv-matrix",
            "rows": 3,
            "cols": 3,
            "dt": "d",
            "data": [ 0.99999987971922299, 0.00048956386919787203,
                -2.9812035932283264e-05, -0.00048885720071689741,
                0.99979350675613488, 0.020315138860164735,
                3.9751437931953172e-05, -0.020315121842815614,
                0.9997936258270177 ]
        },
        {
            "type_id": "opencv-matrix",
            "rows": 3,
            "cols": 3,
            "dt": "d",
            "data": [ 0.99999987971922299, 0.00048956386919787203,
                -2.9812035932283264e-05, -0.00048885720071689741,
                0.99979350675613488, 0.020315138860164735,
                3.9751437931953172e-05, -0.020315121842815614,
                0.9997936258270177 ]
        },
        {
            "type_id": "opencv-matrix",
            "rows": 3,
            "cols": 3,
            "dt": "d",
            "data": [ 0.99999987971922299, 0.00048956386919787203,
                -2.9812035932283264e-05, -0.00048885720071689741,
                0.99979350675613488, 0.020315138860164735,
                3.9751437931953172e-05, -0.020315121842815614,
                0.9997936258270177 ]
        },
        {
            "type_id": "opencv-matrix",
            "rows": 3,
            "cols": 3,
            "dt": "d",
            "data": [ 0.99999987971922299, 0.00048956386919787203,
                -2.9812035932283264e-05, -0.00048885720071689741,
                0.99979350675613488, 0.020315138860164735,
                3.9751437931953172e-05, -0.020315121842815614,
                0.9997936258270177 ]
        },
        {
            "type_id": "opencv-matrix",
            "rows": 3,
            "cols": 3,
            "dt": "d",
            "data": [ 0.99999987971922299, 0.00048956386919787203,
                -2.9812035932283264e-05, -0.00048885720071689741,
                0.99979350675613488, 0.020315138860164735,
                3.9751437931953172e-05, -0.020315121842815614,
                0.9997936258270177 ]
        },
        {
            "type_id": "opencv-matrix",
            "rows": 3,
            "cols": 3,
            "dt": "d",
            "data": [ 0.99999987971922299, 0.00048956386919787203,
                -2.9812035932283264e-05, -0.00048885720071689741,
                0.99979350675613488, 0.020315138860164735,
                3.9751437931953172e-05, -0.020315121842815614,
                0.9997936258270177 ]
        },
        {
            "type_id": "opencv-matrix",
            "rows": 3,
            "cols": 3,
            "dt": "d",
            "data": [ 0.99999987971922299, 0.00048956386919787203,
                -2.9812035932283264e-05, -0.00048885720071689741,
                0.99979350675613488, 0.020315138860164735,
                3.9751437931953172e-05, -0.020315121842815614,
                0.9997936258270177 ]
        },
        {
            "type_id": "opencv-matrix",
            "rows": 3,
            "cols": 3,
            "dt": "d",
            "data": [ 0.99999987971922299, 0.00048956386919787203,
                -2.9812035932283264e-05, -0.00048885720071689741,
                0.99979350675613488, 0.020315138860164735,
                3.9751437931953172e-05, -0.020315121842815614,
                0.9997936258270177 ]
        },
        {
            "type_id": "opencv-matrix",
            "rows": 3,
            "cols": 3,
            "dt": "d",
            "data": [ 0.99999987971922299, 0.00048956386919787203,
                -2.9812035932283264e-05, -0.00048885720071689741,
                0.99979350675613488, 0.020315138860164735,
                3.9751437931953172e-05, -0.020315121842815614,
                0.9997936258270177 ]
        },
        {
            "type_id": "opencv-matrix",
            "rows": 3,
            "cols": 3,
            "dt": "d",
            "data": [ 0.99999987971922299, 0.00048956386919787203,
                -2.9812035932283264e-05, -0.00048885720071689741,
                0.99979350675613488, 0.020315138860164735,
                3.9751437931953172e-05, -0.020315121842815614,
                0.9997936258270177 ]
        },
        {
            "type_id": "opencv-matrix",
            "rows": 3,
            "cols": 3,
            "dt": "d",
            "data": [ 0.99999987971922299, 0.00048956386919787203,
                -2.9812035932283264e-05, -0.00048885720071689741,
                0.99979350675613488, 0.020315138860164735,
                3.9751437931953172e-05, -0.020315121842815614,
                0.9997936258270177 ]
        },
        {
            "type_id": "opencv-matrix",
            "rows": 3,
            "cols": 3,
            "dt": "d",
            "data": [ 0.99999987971922299, 0.00048956386919787203,
                -2.9812035932283264e-05, -0.00048885720071689741,
                0.99979350675613488, 0.020315138860164735,
                3.9751437931953172e-05, -0.020315121842815614,
                0.9997936258270177 ]
        },
        {
            "type_id": "opencv-matrix",
            "rows": 3,
            "cols": 3,
            "dt": "d",
            "data": [ 0.99999987971922299, 0.00048956386919787203,
                -2.9812035932283264e-05, -0.00048885720071689741,
                0.99979350675613488, 0.020315138860164735,
                3.9751437931953172e-05, -0.020315121842815614,
                0.9997936258270177 ]
        },
        {
            "type_id": "opencv-matrix",
            "rows": 3,
            "cols": 3,
            "dt": "d",
            "data": [ 0.99999987971922299, 0.00048956386919787203,
                -2.9812035932283264e-05, -0.00048885720071689741,
                0.99979350675613488, 0.020315138860164735,
                3.9751437931953172e-05, -0.020315121842815614,
