{
    "TotalTransformation": [
        {
            "timestamp": 1740754815.1444621,
            "matrix": {
                "type_id": "opencv-matrix",
                "rows": 4,
                "cols": 4,
                "dt": "f",
                "data": [ 1.0, 0.0, 0.0, 0.0, 0.0, 1.0, 0.0, 0.0, 0.0,
                    0.0, 1.0, 0.0, 0.0, 0.0, 0.0, 1.0 ]
            }
        },
        {
            "timestamp": 1740754815.2541699,
            "matrix": {
                "type_id": "opencv-matrix",
                "rows": 4,
                "cols": 4,
                "dt": "f",
                "data": [ 1.0, 0.0, 0.0, 0.0, 0.0, 1.0, 0.0, 0.0, 0.0,
                    0.0, 1.0, 0.0, 0.0, 0.0, 0.0, 1.0 ]
            }
        },
        {
            "timestamp": 1740754815.363826,
            "matrix": {
                "type_id": "opencv-matrix",
                "rows": 4,
                "cols": 4,
                "dt": "f",
                "data": [ 1.0, 0.0, 0.0, 0.0, 0.0, 1.0, 0.0, 0.0, 0.0,
                    0.0, 1.0, 0.0, 0.0, 0.0, 0.0, 1.0 ]
            }
        },
        {
            "timestamp": 1740754815.465812,
            "matrix": {
                "type_id": "opencv-matrix",
                "rows": 4,
                "cols": 4,
                "dt": "f",
                "data": [ 0.999999881, -1.24871731e-05, 0.0,
                    0.0272369385, 1.24871731e-05, 0.999999881, 0.0,
                    -0.00343322707, 0.0, 0.0, 1.0, 0.0, 0.0, 0.0, 0.0,
                    1.0 ]
            }
        },
        {
            "timestamp": 1740754815.5666909,
            "matrix": {
                "type_id": "opencv-matrix",
                "rows": 4,
                "cols": 4,
                "dt": "f",
                "data": [ 0.999999642, -1.69277155e-05, 0.0, 0.036407426,
                    1.69277155e-05, 0.999999642, 0.0, -0.000198250404,
                    0.0, 0.0, 1.0, 0.0, 0.0, 0.0, 0.0, 1.0 ]
            }
        },
        {
            "timestamp": 1740754815.6884971,
            "matrix": {
                "type_id": "opencv-matrix",
                "rows": 4,
                "cols": 4,
                "dt": "f",
                "data": [ 0.999999523, 0.000586896844, 0.0, 0.0419901013,
                    -0.000586896844, 0.999999523, 0.0, 0.0116571281, 0.0,
                    0.0, 1.0, 0.0, 0.0, 0.0, 0.0, 1.0 ]
            }
        },
        {
            "timestamp": 1740754815.789655,
            "matrix": {
                "type_id": "opencv-matrix",
                "rows": 4,
                "cols": 4,
                "dt": "f",
                "data": [ 0.999999523, 0.000582840003, 0.0, 0.0454479605,
                    -0.000582840003, 0.999999523, 0.0, 0.00160718709,
                    0.0, 0.0, 1.0, 0.0, 0.0, 0.0, 0.0, 1.0 ]
            }
        },
        {
            "timestamp": 1740754815.8916841,
            "matrix": {
                "type_id": "opencv-matrix",
                "rows": 4,
                "cols": 4,
                "dt": "f",
                "data": [ 0.999999404, 0.000579461106, 0.0, 0.0518958867,
                    -0.000579461106, 0.999999404, 0.0, 0.0126813073, 0.0,
                    0.0, 1.0, 0.0, 0.0, 0.0, 0.0, 1.0 ]
            }
        },
        {
            "timestamp": 1740754815.9925549,
            "matrix": {
                "type_id": "opencv-matrix",
                "rows": 4,
                "cols": 4,
                "dt": "f",
                "data": [ 0.999999404, 0.000579461106, 0.0, 0.0518958867,
                    -0.000579461106, 0.999999404, 0.0, 0.0126813073, 0.0,
                    0.0, 1.0, 0.0, 0.0, 0.0, 0.0, 1.0 ]
            }
        },
        {
            "timestamp": 1740754816.0934861,
            "matrix": {
                "type_id": "opencv-matrix",
                "rows": 4,
                "cols": 4,
                "dt": "f",
                "data": [ 0.999999762, 0.000554636004, 0.0,
                    0.00271671265, -0.000554636004, 0.999999762, 0.0,
                    -0.0141154099, 0.0, 0.0, 1.0, 0.0, 0.0, 0.0, 0.0,
                    1.0 ]
            }
        },
        {
            "timestamp": 1740754816.1935761,
            "matrix": {
                "type_id": "opencv-matrix",
                "rows": 4,
                "cols": 4,
                "dt": "f",
                "data": [ 0.999999702, 0.000611707452, 0.0,
                    -0.0186769087, -0.000611707452, 0.999999702, 0.0,
                    -0.0327497907, 0.0, 0.0, 1.0, 0.0, 0.0, 0.0, 0.0,
                    1.0 ]
            }
        },
        {
            "timestamp": 1740754816.2936699,
            "matrix": {
                "type_id": "opencv-matrix",
                "rows": 4,
                "cols": 4,
                "dt": "f",
                "data": [ 0.999999642, 0.000612005417, 0.0, -0.022955006,
                    -0.000612005417, 0.999999642, 0.0, -0.0419634841,
                    0.0, 0.0, 1.0, 0.0, 0.0, 0.0, 0.0, 1.0 ]
            }
        },
        {
            "timestamp": 1740754816.3937719,
            "matrix": {
                "type_id": "opencv-matrix",
                "rows": 4,
                "cols": 4,
                "dt": "f",
                "data": [ 0.999999344, 0.000632449635, 0.0,
                    -0.0578360781, -0.000632449635, 0.999999344, 0.0,
                    0.00827494264, 0.0, 0.0, 1.0, 0.0, 0.0, 0.0, 0.0,
                    1.0 ]
            }
        },
        {
            "timestamp": 1740754816.496865,
            "matrix": {
                "type_id": "opencv-matrix",
                "rows": 4,
                "cols": 4,
                "dt": "f",
                "data": [ 0.999999225, 0.000647529552, 0.0, -0.100489981,
                    -0.000647529552, 0.999999225, 0.0, -0.000517463312,
                    0.0, 0.0, 1.0, 0.0, 0.0, 0.0, 0.0, 1.0 ]
            }
        },
        {
            "timestamp": 1740754816.596971,
            "matrix": {
                "type_id": "opencv-matrix",
                "rows": 4,
                "cols": 4,
                "dt": "f",
                "data": [ 0.999999464, 0.00064064539, 0.0, -0.0922017768,
                    -0.00064064539, 0.999999464, 0.0, -0.0199320056, 0.0,
                    0.0, 1.0, 0.0, 0.0, 0.0, 0.0, 1.0 ]
            }
        },
        {
            "timestamp": 1740754816.6970711,
            "matrix": {
                "type_id": "opencv-matrix",
                "rows": 4,
                "cols": 4,
                "dt": "f",
                "data": [ 0.999999285, -0.000544517941, 0.0,
                    -0.100609183, 0.000544518, 0.999999285, 0.0,
                    -0.0176177118, 0.0, 0.0, 1.0, 0.0, 0.0, 0.0, 0.0,
                    1.0 ]
            }
        },
        {
            "timestamp": 1740754816.797174,
            "matrix": {
                "type_id": "opencv-matrix",
                "rows": 4,
                "cols": 4,
                "dt": "f",
                "data": [ 0.999999106, -0.00062465627, 0.0, -0.126101092,
                    0.000624656328, 0.999999106, 0.0, -0.013725346, 0.0,
                    0.0, 1.0, 0.0, 0.0, 0.0, 0.0, 1.0 ]
            }
        },
        {
            "timestamp": 1740754816.89727,
            "matrix": {
                "type_id": "opencv-matrix",
                "rows": 4,
                "cols": 4,
                "dt": "f",
                "data": [ 0.999999106, -0.000632645155, 0.0,
                    -0.120865464, 0.000632645213, 0.999999106, 0.0,
                    -0.0228010416, 0.0, 0.0, 1.0, 0.0, 0.0, 0.0, 0.0,
                    1.0 ]
            }
        },
        {
            "timestamp": 1740754816.997359,
            "matrix": {
                "type_id": "opencv-matrix",
                "rows": 4,
                "cols": 4,
                "dt": "f",
                "data": [ 0.999999106, -0.000632645155, 0.0,
