{
    "TotalRotation": [
        {
            "type_id": "opencv-matrix",
            "rows": 3,
            "cols": 3,
            "dt": "d",
            "data": [ 1.0, 0.0, 0.0, 0.0, 1.0, 0.0, 0.0, 0.0, 1.0 ]
        },
        {
            "type_id": "opencv-matrix",
            "rows": 3,
            "cols": 3,
            "dt": "d",
            "data": [ 0.99953468540110557, 0.029581180820152972,
                0.0074408616032136483, -0.029066601563501278,
                0.99767060440056399, -0.061713027705356617,
                -0.009249073124450391, 0.061468031173113578,
                0.99806619810012587 ]
        },
        {
            "type_id": "opencv-matrix",
            "rows": 3,
            "cols": 3,
            "dt": "d",
            "data": [ 0.99953468540110557, 0.029581180820152972,
                0.0074408616032136483, -0.029066601563501278,
                0.99767060440056399, -0.061713027705356617,
                -0.009249073124450391, 0.061468031173113578,
                0.99806619810012587 ]
        },
        {
            "type_id": "opencv-matrix",
            "rows": 3,
            "cols": 3,
            "dt": "d",
            "data": [ 0.99953468540110557, 0.029581180820152972,
                0.0074408616032136483, -0.029066601563501278,
                0.99767060440056399, -0.061713027705356617,
                -0.009249073124450391, 0.061468031173113578,
                0.99806619810012587 ]
        },
        {
            "type_id": "opencv-matrix",
            "rows": 3,
            "cols": 3,
            "dt": "d",
            "data": [ 0.99953468540110557, 0.029581180820152972,
                0.0074408616032136483, -0.029066601563501278,
                0.99767060440056399, -0.061713027705356617,
                -0.009249073124450391, 0.061468031173113578,
                0.99806619810012587 ]
        },
        {
            "type_id": "opencv-matrix",
            "rows": 3,
            "cols": 3,
            "dt": "d",
            "data": [ 0.99953468540110557, 0.029581180820152972,
                0.0074408616032136483, -0.029066601563501278,
                0.99767060440056399, -0.061713027705356617,
                -0.009249073124450391, 0.061468031173113578,
                0.99806619810012587 ]
        },
        {
            "type_id": "opencv-matrix",
            "rows": 3,
            "cols": 3,
            "dt": "d",
            "data": [ 0.99953468540110557, 0.029581180820152972,
                0.0074408616032136483, -0.029066601563501278,
                0.99767060440056399, -0.061713027705356617,
                -0.009249073124450391, 0.061468031173113578,
                0.99806619810012587 ]
        },
        {
            "type_id": "opencv-matrix",
            "rows": 3,
            "cols": 3,
            "dt": "d",
            "data": [ 0.99953468540110557, 0.029581180820152972,
                0.0074408616032136483, -0.029066601563501278,
                0.99767060440056399, -0.061713027705356617,
                -0.009249073124450391, 0.061468031173113578,
                0.99806619810012587 ]
        },
        {
            "type_id": "opencv-matrix",
            "rows": 3,
            "cols": 3,
            "dt": "d",
            "data": [ 0.99953468540110557, 0.029581180820152972,
                0.0074408616032136483, -0.029066601563501278,
                0.99767060440056399, -0.061713027705356617,
                -0.009249073124450391, 0.061468031173113578,
                0.99806619810012587 ]
        },
        {
            "type_id": "opencv-matrix",
            "rows": 3,
            "cols": 3,
            "dt": "d",
            "data": [ 0.99953468540110557, 0.029581180820152972,
                0.0074408616032136483, -0.029066601563501278,
                0.99767060440056399, -0.061713027705356617,
                -0.009249073124450391, 0.061468031173113578,
                0.99806619810012587 ]
        },
        {
            "type_id": "opencv-matrix",
            "rows": 3,
            "cols": 3,
            "dt": "d",
            "data": [ 0.99953468540110557, 0.029581180820152972,
                0.0074408616032136483, -0.029066601563501278,
                0.99767060440056399, -0.061713027705356617,
                -0.009249073124450391, 0.061468031173113578,
                0.99806619810012587 ]
        },
        {
            "type_id": "opencv-matrix",
            "rows": 3,
            "cols": 3,
            "dt": "d",
            "data": [ 0.99953468540110557, 0.029581180820152972,
                0.0074408616032136483, -0.029066601563501278,
                0.99767060440056399, -0.061713027705356617,
                -0.009249073124450391, 0.061468031173113578,
                0.99806619810012587 ]
        },
        {
            "type_id": "opencv-matrix",
            "rows": 3,
            "cols": 3,
            "dt": "d",
            "data": [ 0.99953468540110557, 0.029581180820152972,
                0.0074408616032136483, -0.029066601563501278,
                0.99767060440056399, -0.061713027705356617,
                -0.009249073124450391, 0.061468031173113578,
                0.99806619810012587 ]
        },
        {
            "type_id": "opencv-matrix",
            "rows": 3,
            "cols": 3,
            "dt": "d",
            "data": [ 0.99953468540110557, 0.029581180820152972,
                0.0074408616032136483, -0.029066601563501278,
                0.99767060440056399, -0.061713027705356617,
                -0.009249073124450391, 0.061468031173113578,
                0.99806619810012587 ]
        },
        {
            "type_id": "opencv-matrix",
            "rows": 3,
            "cols": 3,
            "dt": "d",
            "data": [ 0.99953468540110557, 0.029581180820152972,
                0.0074408616032136483, -0.029066601563501278,
                0.99767060440056399, -0.061713027705356617,
                -0.009249073124450391, 0.061468031173113578,
                0.99806619810012587 ]
        },
        {
            "type_id": "opencv-matrix",
            "rows": 3,
            "cols": 3,
            "dt": "d",
            "data": [ 0.99953468540110557, 0.029581180820152972,
                0.0074408616032136483, -0.029066601563501278,
                0.99767060440056399, -0.061713027705356617,
                -0.009249073124450391, 0.061468031173113578,
                0.99806619810012587 ]
        },
        {
            "type_id": "opencv-matrix",
            "rows": 3,
            "cols": 3,
            "dt": "d",
            "data": [ 0.99953468540110557, 0.029581180820152972,
                0.0074408616032136483, -0.029066601563501278,
                0.99767060440056399, -0.061713027705356617,
                -0.009249073124450391, 0.061468031173113578,
                0.99806619810012587 ]
        },
        {
            "type_id": "opencv-matrix",
            "rows": 3,
            "cols": 3,
            "dt": "d",
            "data": [ 0.99953468540110557, 0.029581180820152972,
                0.0074408616032136483, -0.029066601563501278,
                0.99767060440056399, -0.061713027705356617,
                -0.009249073124450391, 0.061468031173113578,
                0.99806619810012587 ]
        },
        {
            "type_id": "opencv-matrix",
            "rows": 3,
            "cols": 3,
            "dt": "d",
            "data": [ 0.99953468540110557, 0.029581180820152972,
                0.0074408616032136483, -0.029066601563501278,
                0.99767060440056399, -0.061713027705356617,
                -0.009249073124450391, 0.061468031173113578,
                0.99806619810012587 ]
        },
        {
            "type_id": "opencv-matrix",
            "rows": 3,
            "cols": 3,
            "dt": "d",
            "data": [ 0.99953468540110557, 0.029581180820152972,
                0.0074408616032136483, -0.029066601563501278,
