{
    "TotalRotation": [
        {
            "type_id": "opencv-matrix",
            "rows": 4,
            "cols": 4,
            "dt": "d",
            "data": [ 0.99998935785933263, 0.0045991782497946899,
                0.00036294284156567185, -0.0018303020222049367,
                -0.0045889375765184948, 0.99969092227717582,
                -0.024433615543515842, 0.0082289350799204953,
                -0.00047520521719028889, 0.024431689995498426,
                0.99970138876764858, -0.079222269292353389, 0.0, 0.0,
                0.0, 1.0 ]
        },
        {
            "type_id": "opencv-matrix",
            "rows": 4,
            "cols": 4,
            "dt": "d",
            "data": [ 0.99992541104485511, -0.0021197784748840671,
                0.012028253655242927, 0.0016221110008037046,
                0.0023750359639765376, 0.99977143502389765,
                -0.021247044839840242, 0.0071094187076019772,
                -0.011980465389427269, 0.021274027579980762,
                0.99970189766728912, -0.10148388524454437, 0.0, 0.0, 0.0,
                1.0 ]
        },
        {
            "type_id": "opencv-matrix",
            "rows": 4,
            "cols": 4,
            "dt": "d",
            "data": [ 0.99992738128641379, -0.010162919681788177,
                -0.006476667139537793, -0.010466338263415724,
                0.010204717782075934, 0.99992710467728518,
                0.006453608811337482, 0.028149266085668513,
                0.0064106075127892022, -0.0065192327188950761,
                0.99995820098445809, -0.06302505692482667, 0.0, 0.0, 0.0,
                1.0 ]
        },
        {
            "type_id": "opencv-matrix",
            "rows": 4,
            "cols": 4,
            "dt": "d",
            "data": [ 0.99603903897634805, 0.016065505091559538,
                0.087453601305070072, -0.060305918161114462,
                -0.01798234631221142, 0.99961405664386971,
                0.021174819505586213, -0.020652089174409066,
                -0.087079664998096856, -0.022663567815759563,
                0.99594351980304574, -0.056752485572335108, 0.0, 0.0,
                0.0, 1.0 ]
        },
        {
            "type_id": "opencv-matrix",
            "rows": 4,
            "cols": 4,
            "dt": "d",
            "data": [ 0.99578207746131098, 0.018399869300226156,
                0.089886033490027037, -0.14010151520025105,
                -0.018224192909736599, 0.99983007513177147,
                -0.0027748251809816696, 0.0060125175737196276,
                -0.089921816038291705, 0.0011250207690965677,
                0.99594819209065522, -0.15001965643217335, 0.0, 0.0, 0.0,
                1.0 ]
        },
        {
            "type_id": "opencv-matrix",
            "rows": 4,
            "cols": 4,
            "dt": "d",
            "data": [ 0.99555424666425074, -0.0092282037602791477,
                0.093736770821993873, -0.051130693164445462,
                0.0085586569592772267, 0.99993492901987313,
                0.0075423548759457493, -0.0029858932204528299,
                -0.093800273666070119, -0.0067065625606607844,
                0.99556844600398542, -0.056747749992399711, 0.0, 0.0,
                0.0, 1.0 ]
        },
        {
            "type_id": "opencv-matrix",
            "rows": 4,
            "cols": 4,
            "dt": "d",
            "data": [ 0.99962420408662267, -0.020840495430473047,
                -0.017807985691781124, 0.014381284743207944,
                0.020886691075459603, 0.99977893967312637,
                0.0024120368980481773, -0.020273918008568745,
                0.017753781008691231, -0.0027830803602594081,
                0.99983851582323224, -0.08678002151877158, 0.0, 0.0, 0.0,
                1.0 ]
        },
        {
            "type_id": "opencv-matrix",
            "rows": 4,
            "cols": 4,
            "dt": "d",
            "data": [ 0.99604026491949549, 0.017030133178089529,
                0.087256892123417279, -0.14460421255565745,
                -0.01753106105262486, 0.99983392846168517,
                0.0049776897495619693, -0.009825815125740784,
                -0.087157630517759516, -0.006487685319918707,
                0.99617340728495629, -0.15253559159254687, 0.0, 0.0, 0.0,
                1.0 ]
        },
        {
            "type_id": "opencv-matrix",
            "rows": 4,
            "cols": 4,
            "dt": "d",
            "data": [ 0.99581497442037525, -0.0024316926871334145,
                0.091359857655442064, -0.078960831888811436,
                0.0023842047570678806, 0.99999696000590921,
                0.00062892496884383296, 0.023027825862092351,
                -0.091361109274262151, -0.00040847229453440685,
                0.99581774480200991, -0.091713083305582574, 0.0, 0.0,
                0.0, 1.0 ]
        },
        {
            "type_id": "opencv-matrix",
            "rows": 4,
            "cols": 4,
            "dt": "d",
            "data": [ 0.99575630053923769, 0.012141572473836295,
                0.091224843953135903, -0.066196051939778802,
                -0.011760041168187517, 0.99991971443217453,
                -0.0047186991428951166, 0.021144682782653881,
                -0.091274812342365036, 0.0036258664814365553,
                0.99581914107137193, -0.075270882871512831, 0.0, 0.0,
                0.0, 1.0 ]
        },
        {
            "type_id": "opencv-matrix",
            "rows": 4,
            "cols": 4,
            "dt": "d",
            "data": [ 0.99713330897094188, 0.035013017892251412,
                0.067076469188061538, -0.07325039492336051,
                -0.033266696169935252, 0.99908234891184378,
                -0.026977528032237283, 0.081264574572068662,
                -0.067959481064802874, 0.024668779274009803,
                0.99738305593314192, -0.13424295398989144, 0.0, 0.0, 0.0,
                1.0 ]
        },
        {
            "type_id": "opencv-matrix",
            "rows": 4,
            "cols": 4,
            "dt": "d",
            "data": [ 0.99538384543740532, -0.025324240411542236,
                0.092572582819223981, -0.05169182313534678,
                0.023477624243051685, 0.99950413796923887,
                0.020982834467028463, -0.01977935061264045,
                -0.09305805393487307, -0.018712590145328813,
                0.99548482538304284, -0.053965221276804351, 0.0, 0.0,
                0.0, 1.0 ]
        },
        {
            "type_id": "opencv-matrix",
            "rows": 4,
            "cols": 4,
            "dt": "d",
            "data": [ 0.99782798393381666, -0.00081338383441152619,
                0.065868451365680064, -0.032927702616503997,
                -0.002797854811007458, 0.9984981359950208,
                0.054714206774159974, -0.047052265453650301,
                -0.065814029560812976, -0.054779657001545093,
                0.99632710627171117, -0.080674257447023154, 0.0, 0.0,
                0.0, 1.0 ]
        },
        {
            "type_id": "opencv-matrix",
            "rows": 4,
            "cols": 4,
            "dt": "d",
            "data": [ 0.99676597001714284, -0.012209029969665327,
                0.07942632185229305, -0.037615424743574245,
                0.009903882343021822, 0.99952007283161715,
                0.029351952596281216, -0.021207892550760405,
                -0.0797465618714676, -0.028470398554965349,
                0.99640851174395417, -0.065828199325137407, 0.0, 0.0,
                0.0, 1.0 ]
        },
        {
            "type_id": "opencv-matrix",
            "rows": 4,
            "cols": 4,
            "dt": "d",
            "data": [ 0.99999329347595212, -0.00049221379305383508,
                0.0036291498591571581, -0.0037111664570215258,
                0.00050344063918148765, 0.99999508914757551,
                -0.0030932552845336597, 0.0014931570648920648,
                -0.00362760949402129, 0.0030950616010674867,
                0.99998863045688902, -0.093723283419446551, 0.0, 0.0,
                0.0, 1.0 ]
        },
        {
            "type_id": "opencv-matrix",
            "rows": 4,
            "cols": 4,
            "dt": "d",
            "data": [ 0.99989174388570834, 0.0033508687311657481,
                0.014327323125537365, -0.011551729052657686,
                -0.0032287941407034087, 0.99995836292639173,
                -0.008535063091015014, 0.026911186687231466,
                -0.014355326453759993, 0.0084878791412898343,
                0.99986093058489323, -0.10171592510057109, 0.0, 0.0, 0.0,
                1.0 ]
        },
        {
            "type_id": "opencv-matrix",
            "rows": 4,
            "cols": 4,
            "dt": "d",
            "data": [ 0.99994371511343039, 0.010383758165170594,
                0.0021781119158877774, -0.010677509420724837,
                -0.010327980402075809, 0.99965325050804277,
                -0.02422212974778647, 0.023595603243991563,
                -0.0024288733942339062, 0.024198270910780324,
                0.9997042283890587, -0.095747588055241931, 0.0, 0.0, 0.0,
                1.0 ]
        },
        {
            "type_id": "opencv-matrix",
            "rows": 4,
            "cols": 4,
            "dt": "d",
            "data": [ 0.99949533864244433, 0.020104775780755615,
                0.024594024128452841, -0.023310748269547439,
                -0.019356079900850611, 0.99935309723127219,
                -0.030310546434124983, 0.045682453483848723,
                -0.025187500926000281, 0.029819205976499483,
                0.99923791198694711, -0.097606529750133092, 0.0, 0.0,
                0.0, 1.0 ]
        },
        {
            "type_id": "opencv-matrix",
            "rows": 4,
            "cols": 4,
            "dt": "d",
            "data": [ 0.99973181785711152, 0.003075274518427035,
                0.022952887634273923, -0.0040189449554049262,
                -0.0027949129020321114, 0.9999212220224547,
                -0.012236756555190504, 0.013560484925191569,
                -0.022988710837829635, 0.012169323553807612,
                0.99966165613084179, -0.082706051165542568, 0.0, 0.0,
                0.0, 1.0 ]
        },
        {
            "type_id": "opencv-matrix",
            "rows": 4,
            "cols": 4,
            "dt": "d",
            "data": [ 0.99984248236717943, 0.0053411090505378778,
                0.016925808930350228, -0.011008153414735574,
                -0.0050832937926165115, 0.99987096325001845,
                -0.015238667057790353, 0.02138984751393503,
                -0.017005016261515529, 0.015150227839557426,
                0.99974061636924361, -0.091702130961953898, 0.0, 0.0,
                0.0, 1.0 ]
        },
        {
            "type_id": "opencv-matrix",
            "rows": 4,
            "cols": 4,
            "dt": "d",
            "data": [ 0.99969550687572128, 0.012259309266870685,
                0.021415015031374, -0.012712213446753162,
                -0.011265183107696971, 0.99888062006417189,
                -0.045941294167291778, 0.027371716071581512,
                -0.021954252026539518, 0.045686061293514872,
                0.9987145711470522, -0.080993816645295078, 0.0, 0.0, 0.0,
                1.0 ]
        },
        {
            "type_id": "opencv-matrix",
            "rows": 4,
            "cols": 4,
            "dt": "d",
            "data": [ 0.99991776664883736, 0.0091856870553420952,
                0.0089489157624016939, -0.0026978173150577103,
                -0.0089728220707753058, 0.99968255074738299,
                -0.023543283443314807, 0.0015257373089802488,
                -0.0091623361697466838, 0.023461050371357504,
                0.99968276503668163, -0.079892946588318525, 0.0, 0.0,
                0.0, 1.0 ]
        },
        {
            "type_id": "opencv-matrix",
            "rows": 4,
            "cols": 4,
            "dt": "d",
            "data": [ 0.99919946997321407, 0.019365960856677893,
                0.035005410515315076, -0.022284209078493031,
                -0.020081419639243387, 0.99959418941394207,
                0.020203788633736817, -0.049904927440929989,
                -0.034599939169321116, -0.020890573232482699,
                0.99918288023739554, -0.082422958090779069, 0.0, 0.0,
                0.0, 1.0 ]
        },
        {
            "type_id": "opencv-matrix",
            "rows": 4,
            "cols": 4,
            "dt": "d",
            "data": [ 0.9998908576959783, 0.0019923608067715899,
                0.014639098142182798, -0.026038181789143584,
                -0.0021510085766534674, 0.99993904544112056,
                0.010829522815148358, -0.072996573990053687,
                -0.014616629505600208, -0.010859829681735165,
                0.99983419537500307, -0.10648374430705011, 0.0, 0.0, 0.0,
                1.0 ]
        }
    ],
    "TotalTranslation": [
        {
            "type_id": "opencv-matrix",
            "rows": 4,
            "cols": 4,
            "dt": "d",
            "data": [ 1.0, 0.0, 0.0, 0.0, 0.0, 1.0, 0.0, 0.0, 0.0, 0.0,
                1.0, 0.0, 0.0, 0.0, 0.0, 1.0 ]
        },
        {
            "type_id": "opencv-matrix",
            "rows": 4,
            "cols": 4,
            "dt": "d",
            "data": [ 0.99998935785933263, -0.0045889375765184948,
                -0.00047520521719028889, 0.0, 0.0045991782497946899,
                0.99969092227717582, 0.024431689995498426, 0.0,
                0.00036294284156567185, -0.024433615543515842,
                0.99970138876764858, 0.0, -0.0018303020222049367,
                0.0082289350799204953, -0.079222269292353389, 1.0 ]
        },
        {
            "type_id": "opencv-matrix",
            "rows": 4,
            "cols": 4,
            "dt": "d",
            "data": [ 0.9999213446875701, -0.0019215673138326074,
                -0.012394031517622814, 0.0, 0.0024860923788460063,
                0.99895235406556171, 0.045694788013037044, 0.0,
                0.012293241349833698, -0.045722006582508599,
                0.99887855834990458, 0.0, -0.00021234364992977388,
                0.017808330894380327, -0.18050292603055917, 1.0 ]
        },
        {
            "type_id": "opencv-matrix",
            "rows": 4,
            "cols": 4,
            "dt": "d",
            "data": [ 0.99995290870229159, 0.0079794932399956178,
                -0.0055234106726910828, 0.0, -0.0077563516610547646,
                0.99919713624689521, 0.039305494843768156, 0.0,
                0.0058326140568689469, -0.039260802381463109,
                0.99921197451272936, 0.0, -0.011382659240217604,
                0.048829850356959165, -0.24204130915873262, 1.0 ]
        },
        {
            "type_id": "opencv-matrix",
            "rows": 4,
            "cols": 4,
            "dt": "d",
            "data": [ 0.99562370952898749, -0.0066012046409437749,
                -0.093219381681207775, 0.0, 0.0081792025531920633,
                0.99982948719724496, 0.016555880420200644, 0.0,
                0.093094197828501438, -0.017245887283132449,
                0.99550793552963979, 0.0, -0.071856567996325643,
                0.029941279450788064, -0.29922771855853103, 1.0 ]
        },
        {
            "type_id": "opencv-matrix",
            "rows": 4,
            "cols": 4,
            "dt": "d",
            "data": [ 0.98290398714796789, -0.023243665218940897,
                -0.18264578855209604, 0.0, 0.026601891736855145,
                0.99951872801938957, 0.015957809828491005, 0.0,
                0.18218696826240838, -0.020543718399828284,
                0.98304926846504537, 0.0, -0.22526174024560192,
                0.039464832670711256, -0.43541375788064718, 1.0 ]
        },
        {
            "type_id": "opencv-matrix",
            "rows": 4,
            "cols": 4,
            "dt": "d",
            "data": [ 0.96167272745282162, -0.012658785291245108,
                -0.27390750341748787, 0.0, 0.016307874155105394,
                0.99980596336755534, 0.011049382571707744, 0.0,
                0.27371448356634726, -0.015092738970275403,
                0.96169256559275906, 0.0, -0.28593643335759145,
                0.038834650986997003, -0.48190843454165777, 1.0 ]
        },
        {
            "type_id": "opencv-matrix",
            "rows": 4,
            "cols": 4,
            "dt": "d",
            "data": [ 0.96651141930155748, 0.0079606569382964631,
                -0.25650010584949012, 0.0, -0.0044992363545090751,
                0.99989076559691137, 0.014078840373020434, 0.0,
                0.25658416403183398, -0.012453305389874648,
                0.96644165988069441, 0.0, -0.29618991731171673,
                0.019692365478046273, -0.56952729215449227, 1.0 ]
        },
        {
            "type_id": "opencv-matrix",
            "rows": 4,
            "cols": 4,
            "dt": "d",
            "data": [ 0.94039989875066721, -0.0085146106219857205,
                -0.3399640155011861, 0.0, 0.010296691715130472,
                0.99994107637372853, 0.0034383019461652724, 0.0,
                0.33991470778631844, -0.0067338834639016553,
                0.94043215929913659, 0.0, -0.47504554861511783,
                0.010616051446294699, -0.67999138273995874, 1.0 ]
        },
        {
            "type_id": "opencv-matrix",
            "rows": 4,
            "cols": 4,
            "dt": "d",
            "data": [ 0.90543386577869367, -0.0054796974246686791,
                -0.42445198505506415, 0.0, 0.0078710511158400324,
                0.9999614920799782, 0.0038808390221675539, 0.0,
                0.42441437446837504, -0.0068547263488942071,
                0.90544213038233423, 0.0, -0.58023782241685229,
                0.034932426378398308, -0.73931829761429735, 1.0 ]
        },
        {
            "type_id": "opencv-matrix",
            "rows": 4,
            "cols": 4,
            "dt": "d",
            "data": [ 0.8627605703005703, -0.016590367687971647,
                -0.50534043775915305, 0.0, 0.020402679940274331,
                0.99978982313785869, 0.0020100251800270917, 0.0,
                0.50520087983483275, -0.012044469683116846,
                0.86291772595315464, 0.0, -0.67195358341455835,
                0.056954990562760238, -0.77929262139853761, 1.0 ]
        },
        {
            "type_id": "opencv-matrix",
            "rows": 4,
            "cols": 4,
            "dt": "d",
            "data": [ 0.82527538293178193, -0.048983976600506844,
                -0.5626020906139626, 0.0, 0.063054497677169766,
                0.99799436371394534, 0.0056018138024628841, 0.0,
                0.5611993163301966, -0.040097631246729139,
                0.82670884071656181, 0.0, -0.80131277927522249,
                0.14103462137611306, -0.85795351550299281, 1.0 ]
        },
        {
            "type_id": "opencv-matrix",
            "rows": 4,
            "cols": 4,
            "dt": "d",
            "data": [ 0.77072203776349402, -0.021595914794250146,
                -0.63680543101475406, 0.0, 0.031622266346485219,
                0.99949030874112921, 0.0043766429685901673, 0.0,
                0.63638633924432964, -0.023510406137752033,
                0.77101211924744695, 0.0, -0.87550519071109878,
                0.12599088954458074, -0.87359591349942478, 1.0 ]
        },
        {
            "type_id": "opencv-matrix",
            "rows": 4,
            "cols": 4,
            "dt": "d",
            "data": [ 0.72707639326175377, -0.022798122324683076,
                -0.68617793900703949, 0.0, -0.0039131442277112616,
                0.99929466797528144, -0.037347742347103668, 0.0,
                0.68654541413058212, 0.029839775043409542,
                0.72647435065639221, 0.0, -0.95371119140890759,
                0.08157039463685975, -0.91503413481209372, 1.0 ]
        },
        {
            "type_id": "opencv-matrix",
            "rows": 4,
            "cols": 4,
            "dt": "d",
            "data": [ 0.66993661474055821, -0.015207115162625896,
                -0.74226253837735301, 0.0, -0.032334385245432917,
                0.99824387198533782, -0.049635265432160541, 0.0,
                0.7417138395370283, 0.057253084564516901,
                0.6682684075632247, 0.0, -1.0261715375873046,
                0.059270723087116277, -0.93625369163957139, 1.0 ]
        },
        {
            "type_id": "opencv-matrix",
            "rows": 4,
            "cols": 4,
            "dt": "d",
            "data": [ 0.66722519518481394, -0.014912148475899301,
                -0.74470676560537552, 0.0, -0.030368328474554451,
                0.99842365673241273, -0.047201337933785011, 0.0,
                0.74423672546861619, 0.054109421590981088,
                0.66572056221724263, 0.0, -1.0982219205950834,
                0.055451747041478233, -0.99620545441439989, 1.0 ]
        },
        {
            "type_id": "opencv-matrix",
            "rows": 4,
            "cols": 4,
            "dt": "d",
            "data": [ 0.65656725590588805, -0.018910997008609508,
                -0.75403037913889959, 0.0, -0.021814288604748721,
                0.99879139087195201, -0.044044231548986207, 0.0,
                0.75395197147091586, 0.045366636553885405,
                0.65536119278067362, 0.0, -1.1824475000487831,
                0.07698898368575563, -1.0565874304958678, 1.0 ]
        },
        {
            "type_id": "opencv-matrix",
            "rows": 4,
            "cols": 4,
            "dt": "d",
            "data": [ 0.65492434475352324, -0.029335620332487131,
                -0.75512484002903568, 0.0, 0.0032552451526089393,
                0.99934648740663801, -0.036000020652924306, 0.0,
                0.75568743937435179, 0.021119173462110567,
                0.65459183808241372, 0.0, -1.26216180718586,
                0.096414245388786138, -1.1123247677456718, 1.0 ]
        },
        {
            "type_id": "opencv-matrix",
            "rows": 4,
            "cols": 4,
            "dt": "d",
            "data": [ 0.63549694288032466, -0.049196185438515956,
                -0.77053447095380545, 0.0, 0.038954245838691968,
                0.9987399783113623, -0.031638938884837493, 0.0,
                0.77112009591301667, -0.0099091402714294122,
                0.63661260325113056, 0.0, -1.3510399046698396,
                0.1406893108420614, -1.160259249674553, 1.0 ]
        },
        {
            "type_id": "opencv-matrix",
            "rows": 4,
            "cols": 4,
            "dt": "d",
            "data": [ 0.61749058331791662, -0.051746584790889429,
                -0.78487430234157796, 0.0, 0.050289514602974796,
                0.99838942028619138, -0.026258906709919597, 0.0,
                0.78496900845491735, -0.02325632006750749,
                0.61909837614245256, 0.0, -1.416841991546496,
                0.15524997188572745, -1.2102432679404618, 1.0 ]
        },
        {
            "type_id": "opencv-matrix",
            "rows": 4,
            "cols": 4,
            "dt": "d",
            "data": [ 0.60378927053196674, -0.05641806643317044,
                -0.79514496701571225, 0.0, 0.065473569275716986,
                0.99763186866008813, -0.021068136132052707, 0.0,
                0.79445058280347003, -0.039340264535500699,
                0.60605331041873189, 0.0, -1.4945470683853148,
                0.1793076577977655, -1.2589375655867581, 1.0 ]
        },
        {
            "type_id": "opencv-matrix",
            "rows": 4,
            "cols": 4,
            "dt": "d",
            "data": [ 0.58542628078647252, -0.066775707111983107,
                -0.80797096154763703, 0.0, 0.10909763689604028,
                0.99402619130145231, -0.0031042922588947167, 0.0,
                0.80335158890003944, -0.086330388313869674,
                0.58921412802593143, 0.0, -1.5647760273581006,
                0.21051807072600803, -1.2984927547866356, 1.0 ]
        },
        {
            "type_id": "opencv-matrix",
            "rows": 4,
            "cols": 4,
            "dt": "d",
            "data": [ 0.57703864821733231, -0.074898448030652973,
                -0.81327524304266985, 0.0, 0.13328801863511661,
                0.99107185609270143, 0.0032985071309142057, 0.0,
                0.80576715157161793, -0.11030321184610836,
                0.58186982986282598, 0.0, -1.630371071763794,
                0.21911203133356091, -1.3433917859304843, 1.0 ]
        },
        {
            "type_id": "opencv-matrix",
            "rows": 4,
            "cols": 4,
            "dt": "d",
            "data": [ 0.54602060438870814, -0.090924134988830049,
                -0.83282309121416853, 0.0, 0.12757589913209111,
                0.99152348555401659, -0.024608282253188864, 0.0,
                0.82800114102797495, -0.092811525530760983,
                0.55299198112181036, 0.0, -1.7162953627106847,
                0.18041323194934666, -1.3733926347362633, 1.0 ]
        },
        {
            "type_id": "opencv-matrix",
            "rows": 4,
            "cols": 4,
            "dt": "d",
            "data": [ 0.5335840076800743, -0.091690395158093532,
                -0.84076214126459303, 0.0, 0.11966404148346348,
                0.99228981135416083, -0.032271465082456978, 0.0,
                0.83723868993490413, -0.083389458077606879,
                0.54044201757229138, 0.0, -1.8279940118158879,
                0.12028583238245157, -1.4087957721143931, 1.0 ]
        }
    ]
}
