{
    "TotalTransformation": [
        {
            "timestamp": 1740842472.027657,
            "matrix": {
                "type_id": "opencv-matrix",
                "rows": 4,
                "cols": 4,
                "dt": "f",
                "data": [ 1.0, 0.0, 0.0, 0.0, 0.0, 1.0, 0.0, 0.0, 0.0,
                    0.0, 1.0, 0.0, 0.0, 0.0, 0.0, 1.0 ]
            }
        },
        {
            "timestamp": 1740842472.134886,
            "matrix": {
                "type_id": "opencv-matrix",
                "rows": 4,
                "cols": 4,
                "dt": "f",
                "data": [ 0.999989748, -0.00170659286, 0.00420066202,
                    -0.00382093014, 0.00170888333, 0.999998391,
                    -0.00054173544, -0.000940584694, -0.0041997307,
                    0.000548908312, 0.999991059, -0.00654705893, 0.0,
                    0.0, 0.0, 1.0 ]
            }
        },
        {
            "timestamp": 1740842472.367099,
            "matrix": {
                "type_id": "opencv-matrix",
                "rows": 4,
                "cols": 4,
                "dt": "f",
                "data": [ 0.999992728, 8.75894621e-05, 0.00381165161,
                    -0.000291975215, -8.21801877e-05, 0.999998987,
                    -0.00141926494, -0.00138698646, -0.00381177221,
                    0.00141894142, 0.999991715, -0.000730547588, 0.0,
                    0.0, 0.0, 1.0 ]
            }
        },
        {
            "timestamp": 1740842472.5816691,
            "matrix": {
                "type_id": "opencv-matrix",
                "rows": 4,
                "cols": 4,
                "dt": "f",
                "data": [ 0.999971032, -0.004282651, 0.00628385739,
                    -0.00140716147, 0.00431795232, 0.999974906,
                    -0.00561498431, -0.00162411178, -0.00625965325,
                    0.00564195542, 0.999964476, -0.00169737986, 0.0, 0.0,
                    0.0, 1.0 ]
            }
        },
        {
            "timestamp": 1740842472.9292109,
            "matrix": {
                "type_id": "opencv-matrix",
                "rows": 4,
                "cols": 4,
                "dt": "f",
                "data": [ 0.999967515, 0.00132808299, 0.00795073248,
                    -0.000805614516, -0.00130548875, 0.999995112,
                    -0.00284622773, -0.00170053169, -0.00795447454,
                    0.00283575617, 0.999964297, -0.000929125992, 0.0,
                    0.0, 0.0, 1.0 ]
            }
        },
        {
            "timestamp": 1740842473.1343069,
            "matrix": {
                "type_id": "opencv-matrix",
                "rows": 4,
                "cols": 4,
                "dt": "f",
                "data": [ 0.999903679, -0.00733023742, 0.0117824171,
                    -0.000642349303, 0.00735848816, 0.999970198,
                    -0.00235604844, -0.0022926731, -0.0117647955,
                    0.00244252291, 0.999927759, -0.000416344847, 0.0,
                    0.0, 0.0, 1.0 ]
            }
        },
        {
            "timestamp": 1740842473.3031189,
            "matrix": {
                "type_id": "opencv-matrix",
                "rows": 4,
                "cols": 4,
                "dt": "f",
                "data": [ 0.999945939, -0.00142119313, 0.010292517,
                    0.00275621423, 0.00143387343, 0.999998271,
                    -0.00122467638, -0.00146464282, -0.0102907578,
                    0.00123936916, 0.999946237, 0.00671537593, 0.0, 0.0,
                    0.0, 1.0 ]
            }
        },
        {
            "timestamp": 1740842473.4920809,
            "matrix": {
                "type_id": "opencv-matrix",
                "rows": 4,
                "cols": 4,
                "dt": "f",
                "data": [ 0.999883175, -0.00306328107, 0.0149717843,
                    0.0016061347, 0.00304479012, 0.999994636,
                    0.00125771377, -0.00196055602, -0.0149755543,
                    -0.00121197989, 0.999887109, 0.00466145715, 0.0, 0.0,
                    0.0, 1.0 ]
            }
        },
        {
            "timestamp": 1740842473.6783659,
            "matrix": {
                "type_id": "opencv-matrix",
                "rows": 4,
                "cols": 4,
                "dt": "f",
                "data": [ 0.999873757, -0.00884597283, 0.0131936325,
                    0.000756557798, 0.00878470484, 0.999950409,
                    0.00469457963, -0.00299070124, -0.0132345045,
                    -0.00457808375, 0.999901891, 0.00225390843, 0.0, 0.0,
                    0.0, 1.0 ]
            }
        },
        {
            "timestamp": 1740842473.8598671,
            "matrix": {
                "type_id": "opencv-matrix",
                "rows": 4,
                "cols": 4,
                "dt": "f",
                "data": [ 0.999894977, -0.00686630467, 0.0127585214,
                    -0.000193201005, 0.00678670546, 0.999957323,
                    0.00627182471, -0.00227747858, -0.012801039,
                    -0.00618457608, 0.999898911, -0.00107803661, 0.0,
                    0.0, 0.0, 1.0 ]
            }
        },
        {
            "timestamp": 1740842474.046144,
            "matrix": {
                "type_id": "opencv-matrix",
                "rows": 4,
                "cols": 4,
                "dt": "f",
                "data": [ 0.999896884, -0.00979569834, 0.0104976231,
                    -4.58547875e-05, 0.00973528065, 0.999935865,
                    0.0057912292, -0.00154517521, -0.0105536776,
                    -0.00568843307, 0.999928117, 0.000354963355, 0.0,
                    0.0, 0.0, 1.0 ]
            }
        },
        {
            "timestamp": 1740842474.2190821,
            "matrix": {
                "type_id": "opencv-matrix",
                "rows": 4,
                "cols": 4,
                "dt": "f",
                "data": [ 0.999887288, -0.0121436212, 0.00882538594,
                    -0.000332056778, 0.012108665, 0.999918699,
                    0.0040037767, -0.00125448219, -0.00887328759,
                    -0.00389646017, 0.999953032, 0.000676594675, 0.0,
                    0.0, 0.0, 1.0 ]
            }
        },
        {
            "timestamp": 1740842474.3861549,
            "matrix": {
                "type_id": "opencv-matrix",
                "rows": 4,
                "cols": 4,
                "dt": "f",
                "data": [ 0.999958456, -0.00574806845, 0.00707416423,
                    -0.000177311769, 0.00571697345, 0.999973953,
                    0.00440812903, -0.00147524802, -0.00709931785,
                    -0.00436750147, 0.99996525, 0.00167962245, 0.0, 0.0,
                    0.0, 1.0 ]
            }
        },
        {
            "timestamp": 1740842474.5459349,
            "matrix": {
                "type_id": "opencv-matrix",
                "rows": 4,
                "cols": 4,
                "dt": "f",
                "data": [ 0.999854505, -0.00884335209, 0.0145864086,
                    -0.00107167824, 0.00874332897, 0.999937952,
                    0.00690692803, -0.000775876804, -0.0146465832,
                    -0.00677838782, 0.999869764, 0.000891200965, 0.0,
                    0.0, 0.0, 1.0 ]
            }
        },
        {
            "timestamp": 1740842474.731082,
            "matrix": {
                "type_id": "opencv-matrix",
                "rows": 4,
                "cols": 4,
                "dt": "f",
                "data": [ 0.99978739, -0.0129267266, 0.0160673875,
                    0.00260975375, 0.0128577743, 0.999907672,
                    0.00438739453, -0.00134208333, -0.0161226187,
                    -0.00417986978, 0.9998613, 0.00628374051, 0.0, 0.0,
                    0.0, 1.0 ]
            }
        },
        {
            "timestamp": 1740842474.9365709,
            "matrix": {
                "type_id": "opencv-matrix",
                "rows": 4,
                "cols": 4,
                "dt": "f",
                "data": [ 0.999785781, 0.000587829622, 0.0206920542,
                    0.0089319339, -0.000602392887, 0.999999523,
                    0.000697601761, 0.000173207256, -0.0206916351,
                    -0.000709916116, 0.999785662, 0.0158285014, 0.0, 0.0,
                    0.0, 1.0 ]
            }
        },
        {
            "timestamp": 1740842475.1339419,
            "matrix": {
                "type_id": "opencv-matrix",
                "rows": 4,
                "cols": 4,
                "dt": "f",
                "data": [ 0.999764144, -0.00281077484, 0.0215378664,
                    0.00184443453, 0.00303517166, 0.999941349,
                    -0.0103931064, -0.000524070696, -0.0215073917,
                    0.0104560275, 0.999714017, 0.00342619885, 0.0, 0.0,
                    0.0, 1.0 ]
            }
        },
        {
            "timestamp": 1740842475.337136,
            "matrix": {
                "type_id": "opencv-matrix",
                "rows": 4,
                "cols": 4,
                "dt": "f",
                "data": [ 0.99991858, 0.0085859159, 0.00944891106,
                    0.00586921023, -0.00841850601, 0.999809325,
                    -0.0176165942, -0.000209544814, -0.00959836598,
                    0.0175356157, 0.999800146, 0.0105372081, 0.0, 0.0,
                    0.0, 1.0 ]
            }
        },
        {
            "timestamp": 1740842475.5313029,
            "matrix": {
                "type_id": "opencv-matrix",
                "rows": 4,
                "cols": 4,
                "dt": "f",
                "data": [ 0.999848127, 0.0154338423, 0.00810688268,
                    0.00354786403, -0.0151985055, 0.999482989,
                    -0.0283297654, -0.00028696435, -0.00853993092,
                    0.0282022487, 0.99956578, 0.00530857872, 0.0, 0.0,
                    0.0, 1.0 ]
            }
        },
        {
            "timestamp": 1740842475.7310309,
            "matrix": {
                "type_id": "opencv-matrix",
                "rows": 4,
                "cols": 4,
                "dt": "f",
                "data": [ 0.999221087, 0.0361677296, -0.0157908294,
                    0.00214244518, -0.0369571261, 0.997913122,
                    -0.0529477783, -0.00210954249, 0.0138428714,
                    0.0534901209, 0.998472452, 5.31324185e-05, 0.0, 0.0,
                    0.0, 1.0 ]
            }
        },
        {
            "timestamp": 1740842475.931952,
            "matrix": {
                "type_id": "opencv-matrix",
                "rows": 4,
                "cols": 4,
                "dt": "f",
                "data": [ 0.998993337, 0.0434420742, -0.0111942645,
                    -0.00130720204, -0.0439968556, 0.997499466,
                    -0.0553071611, 0.00230403384, 0.00876361225,
                    0.0557439998, 0.998406649, -0.00702750636, 0.0, 0.0,
                    0.0, 1.0 ]
            }
        },
        {
            "timestamp": 1740842476.130893,
            "matrix": {
                "type_id": "opencv-matrix",
                "rows": 4,
                "cols": 4,
                "dt": "f",
                "data": [ 0.998541534, 0.0497451499, -0.0209856834,
                    -0.00643188553, -0.0509981625, 0.996637166,
                    -0.0641352311, 0.00127907586, 0.0177246947,
                    0.0651119277, 0.99772054, -0.0152398292, 0.0, 0.0,
                    0.0, 1.0 ]
            }
        },
        {
            "timestamp": 1740842476.3370869,
            "matrix": {
                "type_id": "opencv-matrix",
                "rows": 4,
                "cols": 4,
                "dt": "f",
                "data": [ 0.997967064, 0.0592803732, -0.0234065987,
                    -0.0057945326, -0.0605263524, 0.996554792,
                    -0.056700483, 0.00216803933, 0.0199647304,
                    0.0580019318, 0.998116851, -0.014336491, 0.0, 0.0,
                    0.0, 1.0 ]
            }
        },
        {
            "timestamp": 1740842476.536289,
            "matrix": {
                "type_id": "opencv-matrix",
                "rows": 4,
                "cols": 4,
                "dt": "f",
                "data": [ 0.997931123, 0.0599417388, -0.0232527889,
                    -0.00161479181, -0.0613384321, 0.996004164,
                    -0.06490881, 0.0015495629, 0.0192691237,
                    0.0662008077, 0.997620285, -0.00840857718, 0.0, 0.0,
                    0.0, 1.0 ]
            }
        },
        {
            "timestamp": 1740842476.7368481,
            "matrix": {
                "type_id": "opencv-matrix",
                "rows": 4,
                "cols": 4,
                "dt": "f",
                "data": [ 0.997645915, 0.0636524409, -0.0255187862,
                    -0.00912659243, -0.0652498379, 0.995575547,
                    -0.0676136166, 0.00101987505, 0.0211021043,
                    0.0691195354, 0.997385204, -0.019728303, 0.0, 0.0,
                    0.0, 1.0 ]
            }
        },
        {
            "timestamp": 1740842476.9323659,
            "matrix": {
                "type_id": "opencv-matrix",
                "rows": 4,
                "cols": 4,
                "dt": "f",
                "data": [ 0.997739673, 0.0592061207, -0.0317866802,
                    -0.00556849129, -0.0611168891, 0.99614346,
                    -0.062949121, 0.00180741621, 0.027937118,
                    0.064749524, 0.997510433, -0.013962809, 0.0, 0.0,
                    0.0, 1.0 ]
            }
        },
        {
            "timestamp": 1740842477.1316869,
            "matrix": {
                "type_id": "opencv-matrix",
                "rows": 4,
                "cols": 4,
                "dt": "f",
                "data": [ 0.997621596, 0.0600763559, -0.0337972492,
                    -0.0110309981, -0.0618276037, 0.996656716,
                    -0.0534077063, 0.00259892875, 0.0304757133,
                    0.0553702675, 0.998000681, -0.0237591192, 0.0, 0.0,
                    0.0, 1.0 ]
            }
        },
        {
            "timestamp": 1740842477.335171,
            "matrix": {
                "type_id": "opencv-matrix",
                "rows": 4,
                "cols": 4,
                "dt": "f",
                "data": [ 0.997457862, 0.0421006046, -0.0574945323,
                    -0.011923328, -0.0457363799, 0.996935725,
                    -0.0634581223, 0.000708031235, 0.0546467304,
                    0.0659263805, 0.996326923, -0.0257023387, 0.0, 0.0,
                    0.0, 1.0 ]
            }
        },
        {
            "timestamp": 1740842477.5634711,
            "matrix": {
                "type_id": "opencv-matrix",
                "rows": 4,
                "cols": 4,
                "dt": "f",
                "data": [ 0.992961347, 0.0750502944, -0.0916271582,
                    -0.00454406906, -0.0821000114, 0.993740201,
                    -0.0757593513, -0.000908833579, 0.0853678286,
                    0.0827486813, 0.992907345, -0.00804933719, 0.0, 0.0,
                    0.0, 1.0 ]
            }
        },
        {
            "timestamp": 1740842477.7518859,
            "matrix": {
                "type_id": "opencv-matrix",
                "rows": 4,
                "cols": 4,
                "dt": "f",
                "data": [ 0.993620157, 0.0579739325, -0.0967386216,
                    -0.0326423235, -0.0670210868, 0.993402421,
                    -0.0930550992, 0.00244343793, 0.0907056108,
                    0.0989449322, 0.990950227, -0.0601352826, 0.0, 0.0,
                    0.0, 1.0 ]
            }
        },
        {
            "timestamp": 1740842477.9324729,
            "matrix": {
                "type_id": "opencv-matrix",
                "rows": 4,
                "cols": 4,
                "dt": "f",
                "data": [ 0.992672622, 0.0474024564, -0.111151077,
                    -0.0336740166, -0.0571168251, 0.994664192,
                    -0.0859077349, 0.00294790696, 0.106485762,
                    0.0916268229, 0.990083456, -0.0545183085, 0.0, 0.0,
                    0.0, 1.0 ]
            }
        },
        {
            "timestamp": 1740842478.1309769,
            "matrix": {
                "type_id": "opencv-matrix",
                "rows": 4,
                "cols": 4,
                "dt": "f",
                "data": [ 0.994573593, 0.0448690131, -0.0938648656,
                    -0.0221327171, -0.0531098172, 0.994771779,
                    -0.0872227252, -0.000896725804, 0.0894605219,
                    0.091734536, 0.991756797, -0.0174038708, 0.0, 0.0,
                    0.0, 1.0 ]
            }
        },
        {
            "timestamp": 1740842478.338707,
            "matrix": {
                "type_id": "opencv-matrix",
                "rows": 4,
                "cols": 4,
                "dt": "f",
                "data": [ 0.997068346, 0.0489831455, -0.0587863177,
                    -0.0319109336, -0.0530677736, 0.99612987,
                    -0.0700601116, -0.00116581703, 0.0551270396,
                    0.0729743466, 0.995809078, -0.0376960002, 0.0, 0.0,
                    0.0, 1.0 ]
            }
        },
        {
            "timestamp": 1740842478.5327899,
            "matrix": {
                "type_id": "opencv-matrix",
                "rows": 4,
                "cols": 4,
                "dt": "f",
                "data": [ 0.998348296, 0.0395916067, -0.0416379981,
                    -0.0253908951, -0.0424058624, 0.996712446,
                    -0.0690311715, -0.00238195411, 0.0387680531,
                    0.0706828162, 0.996745169, -0.0271399654, 0.0, 0.0,
                    0.0, 1.0 ]
            }
        },
        {
            "timestamp": 1740842478.733886,
            "matrix": {
                "type_id": "opencv-matrix",
                "rows": 4,
                "cols": 4,
                "dt": "f",
                "data": [ 0.998889029, 0.0368761979, -0.0293475688,
                    -0.0252884272, -0.038812492, 0.996902347,
                    -0.0683993325, 0.000550941797, 0.0267343502,
                    0.0694623664, 0.997226298, -0.017489206, 0.0, 0.0,
                    0.0, 1.0 ]
            }
        },
        {
            "timestamp": 1740842478.971494,
            "matrix": {
                "type_id": "opencv-matrix",
                "rows": 4,
                "cols": 4,
                "dt": "f",
                "data": [ 0.999146998, 0.0400390215, -0.0101357112,
                    -0.0299514327, -0.0404733755, 0.998071373,
                    -0.0470607132, -0.000490645994, 0.00823189318,
                    0.0474307537, 0.99884063, -0.0266055297, 0.0, 0.0,
                    0.0, 1.0 ]
            }
        },
        {
            "timestamp": 1740842479.1920049,
            "matrix": {
                "type_id": "opencv-matrix",
                "rows": 4,
                "cols": 4,
                "dt": "f",
                "data": [ 0.999493957, 0.0274084788, -0.0161633864,
                    -0.0261060316, -0.0282189008, 0.998235166,
                    -0.0522450022, -0.00361853093, 0.0147029003,
                    0.0526746288, 0.998503506, -0.0252361037, 0.0, 0.0,
                    0.0, 1.0 ]
            }
        },
        {
            "timestamp": 1740842479.3778031,
            "matrix": {
                "type_id": "opencv-matrix",
                "rows": 4,
                "cols": 4,
                "dt": "f",
                "data": [ 0.999337077, 0.0268510263, -0.0245995279,
                    -0.0147437397, -0.0281139854, 0.998223662,
                    -0.052519653, -0.00686120661, 0.0231456198,
                    0.053176377, 0.998316884, -0.00516930036, 0.0, 0.0,
                    0.0, 1.0 ]
            }
        },
        {
            "timestamp": 1740842479.564306,
            "matrix": {
                "type_id": "opencv-matrix",
                "rows": 4,
                "cols": 4,
                "dt": "f",
                "data": [ 0.99880302, 0.0410588197, -0.026598569,
                    -0.0235458799, -0.0424814299, 0.997563481,
                    -0.055331476, -0.0062377071, 0.0242619142,
                    0.0563951358, 0.998113751, -0.0200958718, 0.0, 0.0,
                    0.0, 1.0 ]
            }
        },
        {
            "timestamp": 1740842479.7479811,
            "matrix": {
                "type_id": "opencv-matrix",
                "rows": 4,
                "cols": 4,
                "dt": "f",
                "data": [ 0.999282241, 0.0248419885, -0.0286122188,
                    -0.0252629165, -0.0264101997, 0.998092055,
                    -0.0558008067, -0.00591909047, 0.0271714255,
                    0.056516353, 0.998031914, -0.0243667178, 0.0, 0.0,
                    0.0, 1.0 ]
            }
        },
        {
            "timestamp": 1740842479.9368269,
            "matrix": {
                "type_id": "opencv-matrix",
                "rows": 4,
                "cols": 4,
                "dt": "f",
                "data": [ 0.998511612, 0.0302284248, -0.0454040244,
                    -0.0244473964, -0.0330632254, 0.99746269,
                    -0.0630389452, -0.00520879682, 0.0433832556,
                    0.0644462705, 0.996977746, -0.0206566565, 0.0, 0.0,
                    0.0, 1.0 ]
            }
        },
        {
            "timestamp": 1740842480.132266,
            "matrix": {
                "type_id": "opencv-matrix",
                "rows": 4,
                "cols": 4,
                "dt": "f",
                "data": [ 0.998481095, 0.0349879973, -0.0425683036,
                    -0.0267200507, -0.0372657627, 0.997847617,
                    -0.053946279, -0.00458449218, 0.0405892134,
                    0.055450622, 0.99763608, -0.0231788363, 0.0, 0.0,
                    0.0, 1.0 ]
            }
        },
        {
            "timestamp": 1740842480.3380201,
            "matrix": {
                "type_id": "opencv-matrix",
                "rows": 4,
                "cols": 4,
                "dt": "f",
                "data": [ 0.998550951, 0.0275149867, -0.0462558903,
                    -0.0221038703, -0.0300593451, 0.998019874,
                    -0.0552408844, -0.00521991774, 0.044644352,
                    0.0565512069, 0.997400999, -0.0170532353, 0.0, 0.0,
                    0.0, 1.0 ]
            }
        },
        {
            "timestamp": 1740842480.5310559,
            "matrix": {
                "type_id": "opencv-matrix",
                "rows": 4,
                "cols": 4,
                "dt": "f",
                "data": [ 0.998195469, 0.0328630991, -0.0502636135,
                    -0.027237419, -0.0356010273, 0.997873783,
                    -0.0545820296, -0.00578864198, 0.0483630188,
                    0.0562729202, 0.997243345, -0.0256118774, 0.0, 0.0,
                    0.0, 1.0 ]
            }
        },
        {
            "timestamp": 1740842480.734169,
            "matrix": {
                "type_id": "opencv-matrix",
                "rows": 4,
                "cols": 4,
                "dt": "f",
                "data": [ 0.998195887, 0.0315725468, -0.0510756187,
                    -0.0249173567, -0.0344917215, 0.997759283,
                    -0.0573194735, -0.00545730768, 0.0491514616,
                    0.0589777008, 0.997048438, -0.0228575859, 0.0, 0.0,
                    0.0, 1.0 ]
            }
        },
        {
            "timestamp": 1740842480.9310679,
            "matrix": {
                "type_id": "opencv-matrix",
                "rows": 4,
                "cols": 4,
                "dt": "f",
                "data": [ 0.998216271, 0.0375640355, -0.0464088172,
                    -0.0274222363, -0.0402003713, 0.997549951,
                    -0.057243336, -0.00466849282, 0.0441448316,
                    0.0590068288, 0.997280955, -0.0251945723, 0.0, 0.0,
                    0.0, 1.0 ]
            }
        },
        {
            "timestamp": 1740842481.1372139,
            "matrix": {
                "type_id": "opencv-matrix",
                "rows": 4,
                "cols": 4,
                "dt": "f",
                "data": [ 0.998548746, 0.032055527, -0.0432823934,
                    -0.0262528826, -0.0344595797, 0.997835934,
                    -0.0559891909, -0.00538650667, 0.0413939767,
                    0.0573993735, 0.997492671, -0.0234149452, 0.0, 0.0,
                    0.0, 1.0 ]
            }
        },
        {
            "timestamp": 1740842481.3361371,
            "matrix": {
                "type_id": "opencv-matrix",
                "rows": 4,
                "cols": 4,
                "dt": "f",
                "data": [ 0.998622119, 0.0293120109, -0.0435332879,
                    -0.0259333998, -0.0317453295, 0.997908592,
                    -0.0562974177, -0.00545224501, 0.0417920612,
                    0.0576017685, 0.997464418, -0.022962492, 0.0, 0.0,
                    0.0, 1.0 ]
            }
        },
        {
            "timestamp": 1740842481.5363581,
            "matrix": {
                "type_id": "opencv-matrix",
                "rows": 4,
                "cols": 4,
                "dt": "f",
                "data": [ 0.998401999, 0.0313035622, -0.0470539033,
                    -0.0270209592, -0.0340116397, 0.997742295,
                    -0.057898052, -0.00517967949, 0.0451352671,
                    0.0594058521, 0.997212887, -0.0246419925, 0.0, 0.0,
                    0.0, 1.0 ]
            }
        },
        {
            "timestamp": 1740842481.7676771,
            "matrix": {
                "type_id": "opencv-matrix",
                "rows": 4,
                "cols": 4,
                "dt": "f",
                "data": [ 0.998430848, 0.0309800543, -0.0466552265,
                    -0.0269716959, -0.0336514153, 0.997771502,
                    -0.0576037951, -0.00490271673, 0.0447667018,
                    0.0590833537, 0.99724865, -0.0244690608, 0.0, 0.0,
                    0.0, 1.0 ]
            }
        },
        {
            "timestamp": 1740842481.9566491,
            "matrix": {
                "type_id": "opencv-matrix",
                "rows": 4,
                "cols": 4,
                "dt": "f",
                "data": [ 0.998287439, 0.0370406099, -0.0452854931,
                    -0.0290979687, -0.0395983085, 0.997590661,
                    -0.056950964, -0.00594127737, 0.0430669039,
                    0.0586465932, 0.997349322, -0.0271873921, 0.0, 0.0,
                    0.0, 1.0 ]
            }
        },
        {
            "timestamp": 1740842482.1415169,
            "matrix": {
                "type_id": "opencv-matrix",
                "rows": 4,
                "cols": 4,
                "dt": "f",
                "data": [ 0.998526931, 0.0319649279, -0.043849472,
                    -0.026362855, -0.0344794691, 0.997729599,
                    -0.0578399338, -0.00583322486, 0.0419010781,
                    0.0592665747, 0.997362316, -0.0224144235, 0.0, 0.0,
                    0.0, 1.0 ]
            }
        },
        {
            "timestamp": 1740842482.3355551,
            "matrix": {
                "type_id": "opencv-matrix",
                "rows": 4,
                "cols": 4,
                "dt": "f",
                "data": [ 0.99858737, 0.029076077, -0.0444789752,
                    -0.0272014868, -0.0316106714, 0.997850955,
                    -0.0573833697, -0.00509291794, 0.0427149162,
                    0.0587082542, 0.997360826, -0.0237019062, 0.0, 0.0,
                    0.0, 1.0 ]
            }
        },
        {
            "timestamp": 1740842482.5313411,
            "matrix": {
                "type_id": "opencv-matrix",
                "rows": 4,
                "cols": 4,
                "dt": "f",
                "data": [ 0.998462856, 0.032827653, -0.0446614176,
                    -0.0301953163, -0.0353679284, 0.997727931,
                    -0.0573297255, -0.00485302228, 0.0426779538,
                    0.0588211194, 0.997355759, -0.0291485079, 0.0, 0.0,
                    0.0, 1.0 ]
            }
        },
        {
            "timestamp": 1740842482.732105,
            "matrix": {
                "type_id": "opencv-matrix",
                "rows": 4,
                "cols": 4,
                "dt": "f",
                "data": [ 0.998585045, 0.0301712994, -0.0437938757,
                    -0.0260657705, -0.0324724428, 0.998075247,
                    -0.0528202057, -0.00599504448, 0.0421159379,
                    0.0541674979, 0.997643173, -0.0214858241, 0.0, 0.0,
                    0.0, 1.0 ]
            }
        },
        {
            "timestamp": 1740842482.9324989,
            "matrix": {
                "type_id": "opencv-matrix",
                "rows": 4,
                "cols": 4,
                "dt": "f",
                "data": [ 0.99853754, 0.0359550081, -0.0403774269,
                    -0.0262243655, -0.0380509272, 0.997900426,
                    -0.0523978621, -0.00513616903, 0.0384086929,
                    0.0538575687, 0.997809529, -0.022430364, 0.0, 0.0,
                    0.0, 1.0 ]
            }
        },
        {
            "timestamp": 1740842483.1342311,
            "matrix": {
                "type_id": "opencv-matrix",
                "rows": 4,
                "cols": 4,
                "dt": "f",
                "data": [ 0.998693109, 0.0294863023, -0.0417501405,
                    -0.0244618952, -0.0316795744, 0.99809736,
                    -0.0528835729, -0.00561945606, 0.0401113741,
                    0.0541370213, 0.997727394, -0.0189921129, 0.0, 0.0,
                    0.0, 1.0 ]
            }
        },
        {
            "timestamp": 1740842483.333205,
            "matrix": {
                "type_id": "opencv-matrix",
                "rows": 4,
                "cols": 4,
                "dt": "f",
                "data": [ 0.998577952, 0.0296440255, -0.0443142503,
                    -0.0250220466, -0.0319397561, 0.998134077,
                    -0.052027259, -0.00608099811, 0.042689275,
                    0.0533685945, 0.997661829, -0.020402452, 0.0, 0.0,
                    0.0, 1.0 ]
            }
        },
        {
            "timestamp": 1740842483.535758,
            "matrix": {
                "type_id": "opencv-matrix",
                "rows": 4,
                "cols": 4,
                "dt": "f",
                "data": [ 0.998581707, 0.0273933057, -0.0456565134,
                    -0.0251296032, -0.029646337, 0.998337209,
                    -0.0494225472, -0.00647453079, 0.0442267582,
                    0.0507059358, 0.997733712, -0.0206269361, 0.0, 0.0,
                    0.0, 1.0 ]
            }
        }
    ]
}
