{
    "TotalTransformation": [
        {
            "timestamp": 1740842472.346617,
            "matrix": {
                "type_id": "opencv-matrix",
                "rows": 4,
                "cols": 4,
                "dt": "f",
                "data": [ 1.0, 0.0, 0.0, 0.0, 0.0, 1.0, 0.0, 0.0, 0.0,
                    0.0, 1.0, 0.0, 0.0, 0.0, 0.0, 1.0 ]
            }
        },
        {
            "timestamp": 1740842472.4630029,
            "matrix": {
                "type_id": "opencv-matrix",
                "rows": 4,
                "cols": 4,
                "dt": "f",
                "data": [ 1.0, 0.0, 0.0, 0.0, 0.0, 1.0, 0.0, 0.0, 0.0,
                    0.0, 1.0, 0.0, 0.0, 0.0, 0.0, 1.0 ]
            }
        },
        {
            "timestamp": 1740842472.5727451,
            "matrix": {
                "type_id": "opencv-matrix",
                "rows": 4,
                "cols": 4,
                "dt": "f",
                "data": [ 1.0, 0.0, 0.0, 0.0, 0.0, 1.0, 0.0, 0.0, 0.0,
                    0.0, 1.0, 0.0, 0.0, 0.0, 0.0, 1.0 ]
            }
        },
        {
            "timestamp": 1740842472.6670411,
            "matrix": {
                "type_id": "opencv-matrix",
                "rows": 4,
                "cols": 4,
                "dt": "f",
                "data": [ 1.00000024, -0.000271836354, 0.0,
                    -0.0398799926, 0.000271836354, 1.00000024, 0.0,
                    -0.0717863515, 0.0, 0.0, 1.0, 0.0, 0.0, 0.0, 0.0,
                    1.0 ]
            }
        },
        {
            "timestamp": 1740842472.7610199,
            "matrix": {
                "type_id": "opencv-matrix",
                "rows": 4,
                "cols": 4,
                "dt": "f",
                "data": [ 1.0, -0.000415811315, 0.0, -0.0315001123,
                    0.000415811315, 0.99999994, 0.0, -0.0348750129, 0.0,
                    0.0, 1.0, 0.0, 0.0, 0.0, 0.0, 1.0 ]
            }
        },
        {
            "timestamp": 1740842472.8394899,
            "matrix": {
                "type_id": "opencv-matrix",
                "rows": 4,
                "cols": 4,
                "dt": "f",
                "data": [ 0.999999702, -0.00102321617, 0.0,
                    -0.0522216819, 0.00102321617, 0.999999642, 0.0,
                    -0.038157478, 0.0, 0.0, 1.0, 0.0, 0.0, 0.0, 0.0, 1.0 ]
            }
        },
        {
            "timestamp": 1740842472.925535,
            "matrix": {
                "type_id": "opencv-matrix",
                "rows": 4,
                "cols": 4,
                "dt": "f",
                "data": [ 0.999999464, -0.00123463385, 0.0,
                    -0.0696558282, 0.00123463385, 0.999999404, 0.0,
                    -0.0352960378, 0.0, 0.0, 1.0, 0.0, 0.0, 0.0, 0.0,
                    1.0 ]
            }
        },
        {
            "timestamp": 1740842473.0041471,
            "matrix": {
                "type_id": "opencv-matrix",
                "rows": 4,
                "cols": 4,
                "dt": "f",
                "data": [ 0.999999642, -0.000880641805, 0.0,
                    -0.0493708327, 0.000880641863, 0.999999583, 0.0,
                    -0.0906773061, 0.0, 0.0, 1.0, 0.0, 0.0, 0.0, 0.0,
                    1.0 ]
            }
        },
        {
            "timestamp": 1740842473.0843041,
            "matrix": {
                "type_id": "opencv-matrix",
                "rows": 4,
                "cols": 4,
                "dt": "f",
                "data": [ 1.0, 6.21352374e-05, 0.0, -0.0696636364,
                    -6.2135121e-05, 1.0, 0.0, -0.130374879, 0.0, 0.0,
                    1.0, 0.0, 0.0, 0.0, 0.0, 1.0 ]
            }
        },
        {
            "timestamp": 1740842473.169054,
            "matrix": {
                "type_id": "opencv-matrix",
                "rows": 4,
                "cols": 4,
                "dt": "f",
                "data": [ 1.00000012, 0.000489113154, 0.0, -0.072282061,
                    -0.000489112979, 1.00000012, 0.0, -0.091621533, 0.0,
                    0.0, 1.0, 0.0, 0.0, 0.0, 0.0, 1.0 ]
            }
        },
        {
            "timestamp": 1740842473.247107,
            "matrix": {
                "type_id": "opencv-matrix",
                "rows": 4,
                "cols": 4,
                "dt": "f",
                "data": [ 1.00000012, 0.000306082104, 0.0, -0.086953871,
                    -0.000306081958, 1.00000012, 0.0, -0.101587616, 0.0,
                    0.0, 1.0, 0.0, 0.0, 0.0, 0.0, 1.0 ]
            }
        },
        {
            "timestamp": 1740842473.333503,
            "matrix": {
                "type_id": "opencv-matrix",
                "rows": 4,
                "cols": 4,
                "dt": "f",
                "data": [ 1.00000036, 0.000262362184, 0.0, -0.085289292,
                    -0.000262362009, 1.00000036, 0.0, -0.0850724205, 0.0,
                    0.0, 1.0, 0.0, 0.0, 0.0, 0.0, 1.0 ]
            }
        },
        {
            "timestamp": 1740842473.4199851,
            "matrix": {
                "type_id": "opencv-matrix",
                "rows": 4,
                "cols": 4,
                "dt": "f",
                "data": [ 0.99999994, -0.000365148269, 0.0,
                    -0.0650278106, 0.000365148386, 0.99999994, 0.0,
                    -0.029968828, 0.0, 0.0, 1.0, 0.0, 0.0, 0.0, 0.0, 1.0 ]
            }
        },
        {
            "timestamp": 1740842473.506129,
            "matrix": {
                "type_id": "opencv-matrix",
                "rows": 4,
                "cols": 4,
                "dt": "f",
                "data": [ 1.00000024, -0.00045490553, 0.0, -0.0566962473,
                    0.000454905676, 1.00000024, 0.0, -0.0256664958, 0.0,
                    0.0, 1.0, 0.0, 0.0, 0.0, 0.0, 1.0 ]
            }
        },
        {
            "timestamp": 1740842473.6001661,
            "matrix": {
                "type_id": "opencv-matrix",
                "rows": 4,
                "cols": 4,
                "dt": "f",
                "data": [ 1.00000036, -0.00024411366, 0.0, -0.0421092361,
                    0.000244113806, 1.00000036, 0.0, -0.0536478497, 0.0,
                    0.0, 1.0, 0.0, 0.0, 0.0, 0.0, 1.0 ]
            }
        },
        {
            "timestamp": 1740842473.6944211,
            "matrix": {
                "type_id": "opencv-matrix",
                "rows": 4,
                "cols": 4,
                "dt": "f",
                "data": [ 1.00000036, -0.000278296939, 0.0,
                    -0.0257391986, 0.000278297084, 1.00000036, 0.0,
                    -0.0623146631, 0.0, 0.0, 1.0, 0.0, 0.0, 0.0, 0.0,
                    1.0 ]
            }
        },
        {
            "timestamp": 1740842473.788584,
            "matrix": {
                "type_id": "opencv-matrix",
                "rows": 4,
                "cols": 4,
                "dt": "f",
                "data": [ 1.00000024, 0.000318587932, 0.0, -0.0133168176,
                    -0.000318587816, 1.00000012, 0.0, -0.0597406738, 0.0,
                    0.0, 1.0, 0.0, 0.0, 0.0, 0.0, 1.0 ]
            }
        },
        {
            "timestamp": 1740842473.882607,
            "matrix": {
                "type_id": "opencv-matrix",
                "rows": 4,
                "cols": 4,
                "dt": "f",
                "data": [ 0.999999762, 0.000836731051, 0.0,
                    -0.0132747013, -0.000836730818, 0.999999642, 0.0,
                    -0.0805624649, 0.0, 0.0, 1.0, 0.0, 0.0, 0.0, 0.0,
                    1.0 ]
            }
        },
        {
            "timestamp": 1740842473.9845729,
            "matrix": {
                "type_id": "opencv-matrix",
                "rows": 4,
                "cols": 4,
                "dt": "f",
                "data": [ 1.00000024, 0.000262023095, 0.0,
                    -0.00131608546, -0.00026202295, 1.00000012, 0.0,
