{
    "TotalRotation": [
        {
            "type_id": "opencv-matrix",
            "rows": 3,
            "cols": 3,
            "dt": "d",
            "data": [ 0.99999987971922299, 0.00048956386919787203,
                -2.9812035932283264e-05, -0.00048885720071689741,
                0.99979350675613488, 0.020315138860164735,
                3.9751437931953172e-05, -0.020315121842815614,
                0.9997936258270177 ]
        },
        {
            "type_id": "opencv-matrix",
            "rows": 3,
            "cols": 3,
            "dt": "d",
            "data": [ 0.99999987971922299, 0.00048956386919787203,
                -2.9812035932283264e-05, -0.00048885720071689741,
                0.99979350675613488, 0.020315138860164735,
                3.9751437931953172e-05, -0.020315121842815614,
                0.9997936258270177 ]
        },
        {
            "type_id": "opencv-matrix",
            "rows": 3,
            "cols": 3,
            "dt": "d",
            "data": [ 0.99999987971922299, 0.00048956386919787203,
                -2.9812035932283264e-05, -0.00048885720071689741,
                0.99979350675613488, 0.020315138860164735,
                3.9751437931953172e-05, -0.020315121842815614,
                0.9997936258270177 ]
        },
        {
            "type_id": "opencv-matrix",
            "rows": 3,
            "cols": 3,
            "dt": "d",
            "data": [ 0.99999987971922299, 0.00048956386919787203,
                -2.9812035932283264e-05, -0.00048885720071689741,
                0.99979350675613488, 0.020315138860164735,
                3.9751437931953172e-05, -0.020315121842815614,
                0.9997936258270177 ]
        },
        {
            "type_id": "opencv-matrix",
            "rows": 3,
            "cols": 3,
            "dt": "d",
            "data": [ 0.99999987971922299, 0.00048956386919787203,
                -2.9812035932283264e-05, -0.00048885720071689741,
                0.99979350675613488, 0.020315138860164735,
                3.9751437931953172e-05, -0.020315121842815614,
                0.9997936258270177 ]
        },
        {
            "type_id": "opencv-matrix",
            "rows": 3,
            "cols": 3,
            "dt": "d",
            "data": [ 0.99999987971922299, 0.00048956386919787203,
                -2.9812035932283264e-05, -0.00048885720071689741,
                0.99979350675613488, 0.020315138860164735,
                3.9751437931953172e-05, -0.020315121842815614,
                0.9997936258270177 ]
        },
        {
            "type_id": "opencv-matrix",
            "rows": 3,
            "cols": 3,
            "dt": "d",
            "data": [ 0.99999987971922299, 0.00048956386919787203,
                -2.9812035932283264e-05, -0.00048885720071689741,
                0.99979350675613488, 0.020315138860164735,
                3.9751437931953172e-05, -0.020315121842815614,
                0.9997936258270177 ]
        },
        {
            "type_id": "opencv-matrix",
            "rows": 3,
            "cols": 3,
            "dt": "d",
            "data": [ 0.99999987971922299, 0.00048956386919787203,
                -2.9812035932283264e-05, -0.00048885720071689741,
                0.99979350675613488, 0.020315138860164735,
                3.9751437931953172e-05, -0.020315121842815614,
                0.9997936258270177 ]
        },
        {
            "type_id": "opencv-matrix",
            "rows": 3,
            "cols": 3,
            "dt": "d",
            "data": [ 0.99999987971922299, 0.00048956386919787203,
                -2.9812035932283264e-05, -0.00048885720071689741,
                0.99979350675613488, 0.020315138860164735,
                3.9751437931953172e-05, -0.020315121842815614,
                0.9997936258270177 ]
        },
        {
            "type_id": "opencv-matrix",
            "rows": 3,
            "cols": 3,
            "dt": "d",
            "data": [ 0.99999987971922299, 0.00048956386919787203,
                -2.9812035932283264e-05, -0.00048885720071689741,
                0.99979350675613488, 0.020315138860164735,
                3.9751437931953172e-05, -0.020315121842815614,
                0.9997936258270177 ]
        },
        {
            "type_id": "opencv-matrix",
            "rows": 3,
            "cols": 3,
            "dt": "d",
            "data": [ 0.99999987971922299, 0.00048956386919787203,
                -2.9812035932283264e-05, -0.00048885720071689741,
                0.99979350675613488, 0.020315138860164735,
                3.9751437931953172e-05, -0.020315121842815614,
                0.9997936258270177 ]
        },
        {
            "type_id": "opencv-matrix",
            "rows": 3,
            "cols": 3,
            "dt": "d",
            "data": [ 0.99999987971922299, 0.00048956386919787203,
                -2.9812035932283264e-05, -0.00048885720071689741,
                0.99979350675613488, 0.020315138860164735,
                3.9751437931953172e-05, -0.020315121842815614,
                0.9997936258270177 ]
        },
        {
            "type_id": "opencv-matrix",
            "rows": 3,
            "cols": 3,
            "dt": "d",
            "data": [ 0.99999987971922299, 0.00048956386919787203,
                -2.9812035932283264e-05, -0.00048885720071689741,
                0.99979350675613488, 0.020315138860164735,
                3.9751437931953172e-05, -0.020315121842815614,
                0.9997936258270177 ]
        },
        {
            "type_id": "opencv-matrix",
            "rows": 3,
            "cols": 3,
            "dt": "d",
            "data": [ 0.99999987971922299, 0.00048956386919787203,
                -2.9812035932283264e-05, -0.00048885720071689741,
                0.99979350675613488, 0.020315138860164735,
                3.9751437931953172e-05, -0.020315121842815614,
                0.9997936258270177 ]
        },
        {
            "type_id": "opencv-matrix",
            "rows": 3,
            "cols": 3,
            "dt": "d",
            "data": [ 0.99999987971922299, 0.00048956386919787203,
                -2.9812035932283264e-05, -0.00048885720071689741,
                0.99979350675613488, 0.020315138860164735,
                3.9751437931953172e-05, -0.020315121842815614,
                0.9997936258270177 ]
        },
        {
            "type_id": "opencv-matrix",
            "rows": 3,
            "cols": 3,
            "dt": "d",
            "data": [ 0.99999987971922299, 0.00048956386919787203,
                -2.9812035932283264e-05, -0.00048885720071689741,
                0.99979350675613488, 0.020315138860164735,
                3.9751437931953172e-05, -0.020315121842815614,
                0.9997936258270177 ]
        },
        {
            "type_id": "opencv-matrix",
            "rows": 3,
            "cols": 3,
            "dt": "d",
            "data": [ 0.99999987971922299, 0.00048956386919787203,
                -2.9812035932283264e-05, -0.00048885720071689741,
                0.99979350675613488, 0.020315138860164735,
                3.9751437931953172e-05, -0.020315121842815614,
                0.9997936258270177 ]
        },
        {
            "type_id": "opencv-matrix",
            "rows": 3,
            "cols": 3,
            "dt": "d",
            "data": [ 0.99999987971922299, 0.00048956386919787203,
                -2.9812035932283264e-05, -0.00048885720071689741,
                0.99979350675613488, 0.020315138860164735,
                3.9751437931953172e-05, -0.020315121842815614,
                0.9997936258270177 ]
        },
        {
            "type_id": "opencv-matrix",
            "rows": 3,
            "cols": 3,
            "dt": "d",
            "data": [ 0.99999987971922299, 0.00048956386919787203,
                -2.9812035932283264e-05, -0.00048885720071689741,
                0.99979350675613488, 0.020315138860164735,
                3.9751437931953172e-05, -0.020315121842815614,
                0.9997936258270177 ]
        },
        {
            "type_id": "opencv-matrix",
            "rows": 3,
            "cols": 3,
            "dt": "d",
            "data": [ 0.99999987971922299, 0.00048956386919787203,
                -2.9812035932283264e-05, -0.00048885720071689741,
                0.99979350675613488, 0.020315138860164735,
                3.9751437931953172e-05, -0.020315121842815614,
                0.9997936258270177 ]
        },
        {
            "type_id": "opencv-matrix",
            "rows": 3,
            "cols": 3,
            "dt": "d",
            "data": [ 0.99999987971922299, 0.00048956386919787203,
                -2.9812035932283264e-05, -0.00048885720071689741,
                0.99979350675613488, 0.020315138860164735,
                3.9751437931953172e-05, -0.020315121842815614,
                0.9997936258270177 ]
        },
        {
            "type_id": "opencv-matrix",
            "rows": 3,
            "cols": 3,
            "dt": "d",
            "data": [ 0.99999987971922299, 0.00048956386919787203,
                -2.9812035932283264e-05, -0.00048885720071689741,
                0.99979350675613488, 0.020315138860164735,
                3.9751437931953172e-05, -0.020315121842815614,
                0.9997936258270177 ]
        },
        {
            "type_id": "opencv-matrix",
            "rows": 3,
            "cols": 3,
            "dt": "d",
            "data": [ 0.99999987971922299, 0.00048956386919787203,
                -2.9812035932283264e-05, -0.00048885720071689741,
                0.99979350675613488, 0.020315138860164735,
                3.9751437931953172e-05, -0.020315121842815614,
                0.9997936258270177 ]
        },
        {
            "type_id": "opencv-matrix",
            "rows": 3,
            "cols": 3,
            "dt": "d",
            "data": [ 0.99999987971922299, 0.00048956386919787203,
                -2.9812035932283264e-05, -0.00048885720071689741,
                0.99979350675613488, 0.020315138860164735,
                3.9751437931953172e-05, -0.020315121842815614,
                0.9997936258270177 ]
        },
        {
            "type_id": "opencv-matrix",
            "rows": 3,
            "cols": 3,
            "dt": "d",
            "data": [ 0.99999987971922299, 0.00048956386919787203,
                -2.9812035932283264e-05, -0.00048885720071689741,
                0.99979350675613488, 0.020315138860164735,
                3.9751437931953172e-05, -0.020315121842815614,
                0.9997936258270177 ]
        },
        {
            "type_id": "opencv-matrix",
            "rows": 3,
            "cols": 3,
            "dt": "d",
            "data": [ 0.99999987971922299, 0.00048956386919787203,
                -2.9812035932283264e-05, -0.00048885720071689741,
                0.99979350675613488, 0.020315138860164735,
                3.9751437931953172e-05, -0.020315121842815614,
                0.9997936258270177 ]
        },
        {
            "type_id": "opencv-matrix",
            "rows": 3,
            "cols": 3,
            "dt": "d",
            "data": [ 0.99999987971922299, 0.00048956386919787203,
                -2.9812035932283264e-05, -0.00048885720071689741,
                0.99979350675613488, 0.020315138860164735,
                3.9751437931953172e-05, -0.020315121842815614,
                0.9997936258270177 ]
        },
        {
            "type_id": "opencv-matrix",
            "rows": 3,
            "cols": 3,
            "dt": "d",
            "data": [ 0.99999987971922299, 0.00048956386919787203,
                -2.9812035932283264e-05, -0.00048885720071689741,
                0.99979350675613488, 0.020315138860164735,
                3.9751437931953172e-05, -0.020315121842815614,
                0.9997936258270177 ]
        },
        {
            "type_id": "opencv-matrix",
            "rows": 3,
            "cols": 3,
            "dt": "d",
            "data": [ 0.99999987971922299, 0.00048956386919787203,
                -2.9812035932283264e-05, -0.00048885720071689741,
                0.99979350675613488, 0.020315138860164735,
                3.9751437931953172e-05, -0.020315121842815614,
                0.9997936258270177 ]
        },
        {
            "type_id": "opencv-matrix",
            "rows": 3,
            "cols": 3,
            "dt": "d",
            "data": [ 0.99999987971922299, 0.00048956386919787203,
                -2.9812035932283264e-05, -0.00048885720071689741,
                0.99979350675613488, 0.020315138860164735,
                3.9751437931953172e-05, -0.020315121842815614,
                0.9997936258270177 ]
        }
    ],
    "TotalTranslation": [
        {
            "type_id": "opencv-matrix",
            "rows": 1,
            "cols": 3,
            "dt": "d",
            "data": [ -0.011447496287206635, -0.015605774778457921,
                -0.077583209409074982 ]
        },
        {
            "type_id": "opencv-matrix",
            "rows": 1,
            "cols": 3,
            "dt": "d",
            "data": [ -0.011528999496238966, -0.014999921114779585,
                -0.078708614983971428 ]
        },
        {
            "type_id": "opencv-matrix",
            "rows": 1,
            "cols": 3,
            "dt": "d",
            "data": [ -0.0096003611548739019, -0.019732765519306042,
                -0.078598069564570397 ]
        },
        {
            "type_id": "opencv-matrix",
            "rows": 1,
            "cols": 3,
            "dt": "d",
            "data": [ -0.01009981825717594, -0.014901825409827036,
                -0.078885327269073324 ]
        },
        {
            "type_id": "opencv-matrix",
            "rows": 1,
            "cols": 3,
            "dt": "d",
            "data": [ -0.010554467995229126, -0.010555803193273268,
                -0.080193229962891383 ]
        },
        {
            "type_id": "opencv-matrix",
            "rows": 1,
            "cols": 3,
            "dt": "d",
            "data": [ -0.015554925603467749, -0.00040516741854932715,
                -0.065332204235655972 ]
        },
        {
            "type_id": "opencv-matrix",
            "rows": 1,
            "cols": 3,
            "dt": "d",
            "data": [ -0.012045639375719487, -0.0086892053153668405,
                -0.070921446559321574 ]
        },
        {
            "type_id": "opencv-matrix",
            "rows": 1,
            "cols": 3,
            "dt": "d",
            "data": [ -0.0090051215356804805, -0.011921416091594202,
                -0.05777226061518255 ]
        },
        {
            "type_id": "opencv-matrix",
            "rows": 1,
            "cols": 3,
            "dt": "d",
            "data": [ -0.011421296814802296, -0.010015911257446823,
                -0.071048800465463455 ]
        },
        {
            "type_id": "opencv-matrix",
            "rows": 1,
            "cols": 3,
            "dt": "d",
            "data": [ -0.0085458242463395933, -0.006823248343947012,
                -0.059661007073599767 ]
        },
        {
            "type_id": "opencv-matrix",
            "rows": 1,
            "cols": 3,
            "dt": "d",
            "data": [ -0.012711107368262562, -0.0086145164467061313,
                -0.067216970602544959 ]
        },
        {
            "type_id": "opencv-matrix",
            "rows": 1,
            "cols": 3,
            "dt": "d",
            "data": [ -0.012111489488381918, -0.011529885552525139,
                -0.070573536630284789 ]
        },
        {
            "type_id": "opencv-matrix",
            "rows": 1,
            "cols": 3,
            "dt": "d",
            "data": [ -0.012307690831048015, -0.0073833087168012953,
                -0.07073814706544751 ]
        },
        {
            "type_id": "opencv-matrix",
            "rows": 1,
            "cols": 3,
            "dt": "d",
            "data": [ -0.01136196590055356, -0.010372158928621712,
                -0.071374608709427703 ]
        },
        {
            "type_id": "opencv-matrix",
            "rows": 1,
            "cols": 3,
            "dt": "d",
            "data": [ -0.010733403680456773, -0.0091213426349492279,
                -0.067882020400382131 ]
        },
        {
            "type_id": "opencv-matrix",
            "rows": 1,
            "cols": 3,
            "dt": "d",
            "data": [ -0.010104744035180312, 0.0071398562968582784,
                -0.04231321303627128 ]
        },
        {
            "type_id": "opencv-matrix",
            "rows": 1,
            "cols": 3,
            "dt": "d",
            "data": [ -0.0034124763194891988, -0.0062170249441159137,
                -0.047823664790574698 ]
        },
        {
            "type_id": "opencv-matrix",
            "rows": 1,
            "cols": 3,
            "dt": "d",
            "data": [ -0.010168770877100806, -0.011733905903729091,
                -0.07251961683227931 ]
        },
        {
            "type_id": "opencv-matrix",
            "rows": 1,
            "cols": 3,
            "dt": "d",
            "data": [ -0.0029281653336207447, -0.0029649537632537529,
                -0.038827645854179228 ]
        },
        {
            "type_id": "opencv-matrix",
            "rows": 1,
            "cols": 3,
            "dt": "d",
            "data": [ -0.010480490105045894, -0.0064643588585439555,
                -0.083668627945053267 ]
        },
        {
            "type_id": "opencv-matrix",
            "rows": 1,
            "cols": 3,
            "dt": "d",
            "data": [ -0.0017381650337225209, -0.0074242799111742478,
                -0.026424463785940128 ]
        },
        {
            "type_id": "opencv-matrix",
            "rows": 1,
            "cols": 3,
            "dt": "d",
            "data": [ -0.0057952387359564142, -0.0097799802464916038,
                -0.10600741169959663 ]
        },
        {
            "type_id": "opencv-matrix",
            "rows": 1,
            "cols": 3,
            "dt": "d",
            "data": [ -0.0043225814358999592, -0.0071355938168896254,
                -0.028310861973171435 ]
        },
        {
            "type_id": "opencv-matrix",
            "rows": 1,
            "cols": 3,
            "dt": "d",
            "data": [ -0.0046323269737691356, 0.0023262768346579959,
                -0.065996128601008994 ]
        },
        {
            "type_id": "opencv-matrix",
            "rows": 1,
            "cols": 3,
            "dt": "d",
            "data": [ -0.0035853919306829316, -0.0053620289529611852,
                -0.040278983985155177 ]
        },
        {
            "type_id": "opencv-matrix",
            "rows": 1,
            "cols": 3,
            "dt": "d",
            "data": [ -0.008555750002528683, 0.01014815882946705,
                -0.052722837523654635 ]
        },
        {
            "type_id": "opencv-matrix",
            "rows": 1,
            "cols": 3,
            "dt": "d",
            "data": [ -0.0043535472103195961, -0.013314609686718749,
                -0.060232619097864426 ]
        },
        {
            "type_id": "opencv-matrix",
            "rows": 1,
            "cols": 3,
            "dt": "d",
            "data": [ -0.0098288040955250046, 0.0026482910988624886,
                -0.041405485054692 ]
        },
        {
            "type_id": "opencv-matrix",
            "rows": 1,
            "cols": 3,
            "dt": "d",
            "data": [ -0.0043676574614893151, -0.0095762790646232408,
                -0.057316768484778818 ]
        },
        {
            "type_id": "opencv-matrix",
            "rows": 1,
            "cols": 3,
            "dt": "d",
            "data": [ -0.0011839328432838815, -0.0056639372245170065,
                -0.035383420573741338 ]
        }
    ]
}
