{
    "TotalRotation": [
        {
            "type_id": "opencv-matrix",
            "rows": 3,
            "cols": 3,
            "dt": "d",
            "data": [ 0.99993846247107354, -0.0099666703191644834,
                -0.0048720379446846665, 0.010081643826961077,
                0.99965695255872733, 0.02417307714679174,
                0.0046294415140121434, -0.02422070774662733,
                0.99969591656039125 ]
        },
        {
            "type_id": "opencv-matrix",
            "rows": 3,
            "cols": 3,
            "dt": "d",
            "data": [ 0.99993846247107354, -0.0099666703191644834,
                -0.0048720379446846665, 0.010081643826961077,
                0.99965695255872733, 0.02417307714679174,
                0.0046294415140121434, -0.02422070774662733,
                0.99969591656039125 ]
        },
        {
            "type_id": "opencv-matrix",
            "rows": 3,
            "cols": 3,
            "dt": "d",
            "data": [ 0.99993846247107354, -0.0099666703191644834,
                -0.0048720379446846665, 0.010081643826961077,
                0.99965695255872733, 0.02417307714679174,
                0.0046294415140121434, -0.02422070774662733,
                0.99969591656039125 ]
        },
        {
            "type_id": "opencv-matrix",
            "rows": 3,
            "cols": 3,
            "dt": "d",
            "data": [ 0.99993846247107354, -0.0099666703191644834,
                -0.0048720379446846665, 0.010081643826961077,
                0.99965695255872733, 0.02417307714679174,
                0.0046294415140121434, -0.02422070774662733,
                0.99969591656039125 ]
        },
        {
            "type_id": "opencv-matrix",
            "rows": 3,
            "cols": 3,
            "dt": "d",
            "data": [ 0.99993846247107354, -0.0099666703191644834,
                -0.0048720379446846665, 0.010081643826961077,
                0.99965695255872733, 0.02417307714679174,
                0.0046294415140121434, -0.02422070774662733,
                0.99969591656039125 ]
        },
        {
            "type_id": "opencv-matrix",
            "rows": 3,
            "cols": 3,
            "dt": "d",
            "data": [ 0.99993846247107354, -0.0099666703191644834,
                -0.0048720379446846665, 0.010081643826961077,
                0.99965695255872733, 0.02417307714679174,
                0.0046294415140121434, -0.02422070774662733,
                0.99969591656039125 ]
        },
        {
            "type_id": "opencv-matrix",
            "rows": 3,
            "cols": 3,
            "dt": "d",
            "data": [ 0.99993846247107354, -0.0099666703191644834,
                -0.0048720379446846665, 0.010081643826961077,
                0.99965695255872733, 0.02417307714679174,
                0.0046294415140121434, -0.02422070774662733,
                0.99969591656039125 ]
        },
        {
            "type_id": "opencv-matrix",
            "rows": 3,
            "cols": 3,
            "dt": "d",
            "data": [ 0.99993846247107354, -0.0099666703191644834,
                -0.0048720379446846665, 0.010081643826961077,
                0.99965695255872733, 0.02417307714679174,
                0.0046294415140121434, -0.02422070774662733,
                0.99969591656039125 ]
        },
        {
            "type_id": "opencv-matrix",
            "rows": 3,
            "cols": 3,
            "dt": "d",
            "data": [ 0.99993846247107354, -0.0099666703191644834,
                -0.0048720379446846665, 0.010081643826961077,
                0.99965695255872733, 0.02417307714679174,
                0.0046294415140121434, -0.02422070774662733,
                0.99969591656039125 ]
        },
        {
            "type_id": "opencv-matrix",
            "rows": 3,
            "cols": 3,
            "dt": "d",
            "data": [ 0.99993846247107354, -0.0099666703191644834,
                -0.0048720379446846665, 0.010081643826961077,
                0.99965695255872733, 0.02417307714679174,
                0.0046294415140121434, -0.02422070774662733,
                0.99969591656039125 ]
        },
        {
            "type_id": "opencv-matrix",
            "rows": 3,
            "cols": 3,
            "dt": "d",
            "data": [ 0.99993846247107354, -0.0099666703191644834,
                -0.0048720379446846665, 0.010081643826961077,
                0.99965695255872733, 0.02417307714679174,
                0.0046294415140121434, -0.02422070774662733,
                0.99969591656039125 ]
        },
        {
            "type_id": "opencv-matrix",
            "rows": 3,
            "cols": 3,
            "dt": "d",
            "data": [ 0.99993846247107354, -0.0099666703191644834,
                -0.0048720379446846665, 0.010081643826961077,
                0.99965695255872733, 0.02417307714679174,
                0.0046294415140121434, -0.02422070774662733,
                0.99969591656039125 ]
        },
        {
            "type_id": "opencv-matrix",
            "rows": 3,
            "cols": 3,
            "dt": "d",
            "data": [ 0.99993846247107354, -0.0099666703191644834,
                -0.0048720379446846665, 0.010081643826961077,
                0.99965695255872733, 0.02417307714679174,
                0.0046294415140121434, -0.02422070774662733,
                0.99969591656039125 ]
        },
        {
            "type_id": "opencv-matrix",
            "rows": 3,
            "cols": 3,
            "dt": "d",
            "data": [ 0.99993846247107354, -0.0099666703191644834,
                -0.0048720379446846665, 0.010081643826961077,
                0.99965695255872733, 0.02417307714679174,
                0.0046294415140121434, -0.02422070774662733,
                0.99969591656039125 ]
        },
        {
            "type_id": "opencv-matrix",
            "rows": 3,
            "cols": 3,
            "dt": "d",
            "data": [ 0.99993846247107354, -0.0099666703191644834,
                -0.0048720379446846665, 0.010081643826961077,
                0.99965695255872733, 0.02417307714679174,
                0.0046294415140121434, -0.02422070774662733,
                0.99969591656039125 ]
        },
        {
            "type_id": "opencv-matrix",
            "rows": 3,
            "cols": 3,
            "dt": "d",
            "data": [ 0.99993846247107354, -0.0099666703191644834,
                -0.0048720379446846665, 0.010081643826961077,
                0.99965695255872733, 0.02417307714679174,
                0.0046294415140121434, -0.02422070774662733,
                0.99969591656039125 ]
        },
        {
            "type_id": "opencv-matrix",
            "rows": 3,
            "cols": 3,
            "dt": "d",
            "data": [ 0.99993846247107354, -0.0099666703191644834,
                -0.0048720379446846665, 0.010081643826961077,
                0.99965695255872733, 0.02417307714679174,
                0.0046294415140121434, -0.02422070774662733,
                0.99969591656039125 ]
        },
        {
            "type_id": "opencv-matrix",
            "rows": 3,
            "cols": 3,
            "dt": "d",
            "data": [ 0.99993846247107354, -0.0099666703191644834,
                -0.0048720379446846665, 0.010081643826961077,
                0.99965695255872733, 0.02417307714679174,
                0.0046294415140121434, -0.02422070774662733,
                0.99969591656039125 ]
        },
        {
            "type_id": "opencv-matrix",
            "rows": 3,
            "cols": 3,
            "dt": "d",
            "data": [ 0.99993846247107354, -0.0099666703191644834,
                -0.0048720379446846665, 0.010081643826961077,
                0.99965695255872733, 0.02417307714679174,
                0.0046294415140121434, -0.02422070774662733,
                0.99969591656039125 ]
        },
        {
            "type_id": "opencv-matrix",
            "rows": 3,
            "cols": 3,
            "dt": "d",
            "data": [ 0.99993846247107354, -0.0099666703191644834,
                -0.0048720379446846665, 0.010081643826961077,
                0.99965695255872733, 0.02417307714679174,
                0.0046294415140121434, -0.02422070774662733,
                0.99969591656039125 ]
        },
        {
            "type_id": "opencv-matrix",
            "rows": 3,
            "cols": 3,
            "dt": "d",
            "data": [ 0.99993846247107354, -0.0099666703191644834,
                -0.0048720379446846665, 0.010081643826961077,
                0.99965695255872733, 0.02417307714679174,
                0.0046294415140121434, -0.02422070774662733,
                0.99969591656039125 ]
        }
    ],
    "TotalTranslation": [
        {
            "type_id": "opencv-matrix",
            "rows": 1,
            "cols": 3,
            "dt": "d",
            "data": [ -0.041716047645900887, 0.22835652248678343,
                0.56714517169611722 ]
        },
        {
            "type_id": "opencv-matrix",
            "rows": 1,
            "cols": 3,
            "dt": "d",
            "data": [ -0.050606092634800363, 0.2806909004383597,
                0.6343488012882299 ]
        },
        {
            "type_id": "opencv-matrix",
            "rows": 1,
            "cols": 3,
            "dt": "d",
            "data": [ -0.21701512787931243, 0.28109741245288533,
                0.88526170273620219 ]
        },
        {
            "type_id": "opencv-matrix",
            "rows": 1,
            "cols": 3,
            "dt": "d",
            "data": [ -0.10935579498967003, 0.19220188838573868,
                0.5869132061820268 ]
        },
        {
            "type_id": "opencv-matrix",
            "rows": 1,
            "cols": 3,
            "dt": "d",
            "data": [ -0.11839947795362879, 0.14771143492767311,
                0.48864953029271069 ]
        },
        {
            "type_id": "opencv-matrix",
            "rows": 1,
            "cols": 3,
            "dt": "d",
            "data": [ -0.12314761517359886, 0.29599338658479957,
                0.78501784758098569 ]
        },
        {
            "type_id": "opencv-matrix",
            "rows": 1,
            "cols": 3,
            "dt": "d",
            "data": [ -0.094321831769645703, 0.21803321623130528,
                0.62517528453523863 ]
        },
        {
            "type_id": "opencv-matrix",
            "rows": 1,
            "cols": 3,
            "dt": "d",
            "data": [ 0.013130065252369481, 0.35728846670731901,
                0.73474681692634669 ]
        },
        {
            "type_id": "opencv-matrix",
            "rows": 1,
            "cols": 3,
            "dt": "d",
            "data": [ -0.20080566176339967, 0.29821169272633036,
                0.75647799082450229 ]
        },
        {
            "type_id": "opencv-matrix",
            "rows": 1,
            "cols": 3,
            "dt": "d",
            "data": [ -0.15855965157143631, 0.23582274337005948,
                0.7298741035671158 ]
        },
        {
            "type_id": "opencv-matrix",
            "rows": 1,
            "cols": 3,
            "dt": "d",
            "data": [ 0.012296227695482487, 0.21582006365450682,
                0.67730904556187432 ]
        },
        {
            "type_id": "opencv-matrix",
            "rows": 1,
            "cols": 3,
            "dt": "d",
            "data": [ -0.016126140002048251, 0.4076101775335203,
                0.81161158845157189 ]
        },
        {
            "type_id": "opencv-matrix",
            "rows": 1,
            "cols": 3,
            "dt": "d",
            "data": [ -0.003756068444318585, 0.29937996098491787,
                0.62401876878323781 ]
        },
        {
            "type_id": "opencv-matrix",
            "rows": 1,
            "cols": 3,
            "dt": "d",
            "data": [ -0.20293648622446595, 0.29313505405855506,
                0.90209616995040298 ]
        },
        {
            "type_id": "opencv-matrix",
            "rows": 1,
            "cols": 3,
            "dt": "d",
            "data": [ -0.066006078475527974, 0.1976779941801601,
                0.7038241822330662 ]
        },
        {
            "type_id": "opencv-matrix",
            "rows": 1,
            "cols": 3,
            "dt": "d",
            "data": [ -0.11769026421873714, 0.32999523128480407,
                0.77340898378701561 ]
        },
        {
            "type_id": "opencv-matrix",
            "rows": 1,
            "cols": 3,
            "dt": "d",
            "data": [ -0.10764508492437341, 0.2222131685491571,
                0.57217698618672164 ]
        },
        {
            "type_id": "opencv-matrix",
            "rows": 1,
            "cols": 3,
            "dt": "d",
            "data": [ -0.094758648445406712, 0.28379829768246839,
                0.66278486155160521 ]
        },
        {
            "type_id": "opencv-matrix",
            "rows": 1,
            "cols": 3,
            "dt": "d",
            "data": [ -0.15536069904543109, 0.3708919399687936,
                0.8840424140184534 ]
        },
        {
            "type_id": "opencv-matrix",
            "rows": 1,
            "cols": 3,
            "dt": "d",
            "data": [ 0.053696237972320787, 0.0010882465632982162,
                0.51291056474083463 ]
        },
        {
            "type_id": "opencv-matrix",
            "rows": 1,
            "cols": 3,
            "dt": "d",
            "data": [ -0.096789594429419701, 0.22995856360554001,
                0.63791484869059012 ]
        }
    ]
}
