{
    "TotalRotation": [
        {
            "type_id": "opencv-matrix",
            "rows": 3,
            "cols": 3,
            "dt": "d",
            "data": [ 1.0, 0.0, 0.0, 0.0, 1.0, 0.0, 0.0, 0.0, 1.0 ]
        },
        {
            "type_id": "opencv-matrix",
            "rows": 3,
            "cols": 3,
            "dt": "d",
            "data": [ 0.99902560356387848, -0.034683108179601893,
                -0.027293322092230548, 0.032345416859203849,
                0.99611782747183442, -0.081872143009676532,
                0.030026945099902169, 0.080909553204764562,
                0.99626905340283101 ]
        },
        {
            "type_id": "opencv-matrix",
            "rows": 3,
            "cols": 3,
            "dt": "d",
            "data": [ 0.99902560356387848, -0.034683108179601893,
                -0.027293322092230548, 0.032345416859203849,
                0.99611782747183442, -0.081872143009676532,
                0.030026945099902169, 0.080909553204764562,
                0.99626905340283101 ]
        },
        {
            "type_id": "opencv-matrix",
            "rows": 3,
            "cols": 3,
            "dt": "d",
            "data": [ 0.99902560356387848, -0.034683108179601893,
                -0.027293322092230548, 0.032345416859203849,
                0.99611782747183442, -0.081872143009676532,
                0.030026945099902169, 0.080909553204764562,
                0.99626905340283101 ]
        },
        {
            "type_id": "opencv-matrix",
            "rows": 3,
            "cols": 3,
            "dt": "d",
            "data": [ 0.99902560356387848, -0.034683108179601893,
                -0.027293322092230548, 0.032345416859203849,
                0.99611782747183442, -0.081872143009676532,
                0.030026945099902169, 0.080909553204764562,
                0.99626905340283101 ]
        },
        {
            "type_id": "opencv-matrix",
            "rows": 3,
            "cols": 3,
            "dt": "d",
            "data": [ 0.99902560356387848, -0.034683108179601893,
                -0.027293322092230548, 0.032345416859203849,
                0.99611782747183442, -0.081872143009676532,
                0.030026945099902169, 0.080909553204764562,
                0.99626905340283101 ]
        },
        {
            "type_id": "opencv-matrix",
            "rows": 3,
            "cols": 3,
            "dt": "d",
            "data": [ 0.99902560356387848, -0.034683108179601893,
                -0.027293322092230548, 0.032345416859203849,
                0.99611782747183442, -0.081872143009676532,
                0.030026945099902169, 0.080909553204764562,
                0.99626905340283101 ]
        },
        {
            "type_id": "opencv-matrix",
            "rows": 3,
            "cols": 3,
            "dt": "d",
            "data": [ 0.99902560356387848, -0.034683108179601893,
                -0.027293322092230548, 0.032345416859203849,
                0.99611782747183442, -0.081872143009676532,
                0.030026945099902169, 0.080909553204764562,
                0.99626905340283101 ]
        },
        {
            "type_id": "opencv-matrix",
            "rows": 3,
            "cols": 3,
            "dt": "d",
            "data": [ 0.99902560356387848, -0.034683108179601893,
                -0.027293322092230548, 0.032345416859203849,
                0.99611782747183442, -0.081872143009676532,
                0.030026945099902169, 0.080909553204764562,
                0.99626905340283101 ]
        },
        {
            "type_id": "opencv-matrix",
            "rows": 3,
            "cols": 3,
            "dt": "d",
            "data": [ 0.99902560356387848, -0.034683108179601893,
                -0.027293322092230548, 0.032345416859203849,
                0.99611782747183442, -0.081872143009676532,
                0.030026945099902169, 0.080909553204764562,
                0.99626905340283101 ]
        },
        {
            "type_id": "opencv-matrix",
            "rows": 3,
            "cols": 3,
            "dt": "d",
            "data": [ 0.99902560356387848, -0.034683108179601893,
                -0.027293322092230548, 0.032345416859203849,
                0.99611782747183442, -0.081872143009676532,
                0.030026945099902169, 0.080909553204764562,
                0.99626905340283101 ]
        },
        {
            "type_id": "opencv-matrix",
            "rows": 3,
            "cols": 3,
            "dt": "d",
            "data": [ 0.99902560356387848, -0.034683108179601893,
                -0.027293322092230548, 0.032345416859203849,
                0.99611782747183442, -0.081872143009676532,
                0.030026945099902169, 0.080909553204764562,
                0.99626905340283101 ]
        },
        {
            "type_id": "opencv-matrix",
            "rows": 3,
            "cols": 3,
            "dt": "d",
            "data": [ 0.99902560356387848, -0.034683108179601893,
                -0.027293322092230548, 0.032345416859203849,
                0.99611782747183442, -0.081872143009676532,
                0.030026945099902169, 0.080909553204764562,
                0.99626905340283101 ]
        },
        {
            "type_id": "opencv-matrix",
            "rows": 3,
            "cols": 3,
            "dt": "d",
            "data": [ 0.99902560356387848, -0.034683108179601893,
                -0.027293322092230548, 0.032345416859203849,
                0.99611782747183442, -0.081872143009676532,
                0.030026945099902169, 0.080909553204764562,
                0.99626905340283101 ]
        },
        {
            "type_id": "opencv-matrix",
            "rows": 3,
            "cols": 3,
            "dt": "d",
            "data": [ 0.99902560356387848, -0.034683108179601893,
                -0.027293322092230548, 0.032345416859203849,
                0.99611782747183442, -0.081872143009676532,
                0.030026945099902169, 0.080909553204764562,
                0.99626905340283101 ]
        },
        {
            "type_id": "opencv-matrix",
            "rows": 3,
            "cols": 3,
            "dt": "d",
            "data": [ 0.99902560356387848, -0.034683108179601893,
                -0.027293322092230548, 0.032345416859203849,
                0.99611782747183442, -0.081872143009676532,
                0.030026945099902169, 0.080909553204764562,
                0.99626905340283101 ]
        },
        {
            "type_id": "opencv-matrix",
            "rows": 3,
            "cols": 3,
            "dt": "d",
            "data": [ 0.99902560356387848, -0.034683108179601893,
                -0.027293322092230548, 0.032345416859203849,
                0.99611782747183442, -0.081872143009676532,
                0.030026945099902169, 0.080909553204764562,
                0.99626905340283101 ]
        },
        {
            "type_id": "opencv-matrix",
            "rows": 3,
            "cols": 3,
            "dt": "d",
            "data": [ 0.99902560356387848, -0.034683108179601893,
                -0.027293322092230548, 0.032345416859203849,
                0.99611782747183442, -0.081872143009676532,
                0.030026945099902169, 0.080909553204764562,
                0.99626905340283101 ]
        },
        {
            "type_id": "opencv-matrix",
            "rows": 3,
            "cols": 3,
            "dt": "d",
            "data": [ 0.99902560356387848, -0.034683108179601893,
                -0.027293322092230548, 0.032345416859203849,
                0.99611782747183442, -0.081872143009676532,
                0.030026945099902169, 0.080909553204764562,
                0.99626905340283101 ]
        },
        {
            "type_id": "opencv-matrix",
            "rows": 3,
            "cols": 3,
            "dt": "d",
            "data": [ 0.99902560356387848, -0.034683108179601893,
                -0.027293322092230548, 0.032345416859203849,
                0.99611782747183442, -0.081872143009676532,
